10000000000 10100000125 	200000250 438859755 9653 	199990597 9653 0 0 0 	214113 9653 0 	464.329 	2 	0
10100000000 10200000144 	200000288 439058927 8889 	199991399 8889 0 0 0 	194431 8889 0 	459.798 	2 	1
10200000000 10300000181 	200000362 439211592 7955 	199992407 7955 0 0 0 	175724 7955 0 	455.945 	2 	2
10300000000 10400000415 	200000830 439364500 7061 	199993769 7061 0 0 0 	156680 7061 0 	450.365 	2 	3
10400000000 10500000223 	200000446 439533013 1309 	199999137 1309 0 0 0 	27675 1309 0 	299.101 	2 	4
10500000000 10600000238 	200000476 439740305 8 	200000468 8 0 0 0 	195 8 0 	276.611 	2 	5
10600000000 10700000106 	200000212 439911240 9 	200000203 9 0 0 0 	213 9 0 	274.31 	2 	6
10700000000 10800000081 	200000162 440048648 4 	200000158 4 0 0 0 	100 4 0 	271.421 	2 	7
10800000000 10900000070 	200000140 440241175 9 	200000131 9 0 0 0 	143 9 0 	268.887 	2 	8
10900000000 11000000256 	200000512 440403742 5 	200000507 5 0 0 0 	105 5 0 	266.676 	2 	9
11000000000 11100000072 	200000144 440611854 4 	200000140 4 0 0 0 	78 4 0 	264.369 	2 	10
11100000000 11200000086 	200000172 440767811 2 	200000170 2 0 0 0 	11 2 0 	262.147 	2 	11
11200000000 11300000041 	200000082 440949123 8 	200000074 8 0 0 0 	161 8 0 	259.936 	2 	12
11300000000 11400000209 	200000418 441135224 3 	200000415 3 0 0 0 	38 3 0 	257.725 	2 	13
11400000000 11500000205 	200000410 441298327 5 	200000405 5 0 0 0 	96 5 0 	255.443 	2 	14
11500000000 11600000030 	200000060 441541865 14434 	199985626 14434 0 0 0 	319711 14434 0 	367.891 	2 	15
11600000000 11700000008 	200000016 441763256 21484 	199978532 21484 0 0 0 	473125 21484 0 	501.075 	2 	16
11700000000 11800000344 	200000688 441901772 19914 	199980774 19914 0 0 0 	447671 19914 0 	496.654 	2 	17
11800000000 11900000346 	200000692 442073358 18403 	199982289 18403 0 0 0 	409034 18403 0 	492.094 	2 	18
11900000000 12000000180 	200000360 442195572 17105 	199983255 17105 0 0 0 	379896 17105 0 	488.387 	2 	19
12000000000 12100000204 	200000408 442415937 15856 	199984552 15856 0 0 0 	353563 15856 0 	483.963 	2 	20
12100000000 12200000300 	200000600 442511894 14565 	199986035 14565 0 0 0 	329772 14565 0 	479.905 	2 	21
12200000000 12300000456 	200000912 442667439 13573 	199987339 13573 0 0 0 	299296 13573 0 	476.116 	2 	22
12300000000 12400000179 	200000358 442790341 12600 	199987758 12600 0 0 0 	281885 12600 0 	472.271 	2 	23
12400000000 12500000458 	200000916 442963746 11482 	199989434 11482 0 0 0 	256597 11482 0 	468.955 	2 	24
12500000000 12600000104 	200000208 443131720 10657 	199989551 10657 0 0 0 	239455 10657 0 	464.851 	2 	25
12600000000 12700000221 	200000442 443239351 10162 	199990280 10162 0 0 0 	229195 10162 0 	461.324 	2 	26
12700000000 12800000322 	200000644 443403038 9392 	199991252 9392 0 0 0 	213199 9392 0 	457.699 	2 	27
12800000000 12900000333 	200000666 443551535 8697 	199991969 8697 0 0 0 	196804 8697 0 	454.161 	2 	28
12900000000 13000000183 	200000366 443662676 7982 	199992384 7982 0 0 0 	180327 7982 0 	450.054 	2 	29
13000000000 13100000177 	200000354 443853201 7301 	199993053 7301 0 0 0 	164868 7301 0 	446.736 	2 	30
13100000000 13200000409 	200000818 443988988 6723 	199994095 6723 0 0 0 	150161 6723 0 	443.419 	2 	31
13200000000 13300000197 	200000394 444103750 6267 	199994127 6267 0 0 0 	138011 6267 0 	440.103 	2 	32
13300000000 13400000176 	200000352 444267937 5926 	199994426 5926 0 0 0 	135529 5926 0 	436.787 	2 	33
13400000000 13500000116 	200000232 444443067 5401 	199994831 5401 0 0 0 	121493 5401 0 	434.315 	2 	34
13500000000 13600000405 	200000810 444538043 4980 	199995830 4980 0 0 0 	112090 4980 0 	430.995 	2 	35
13600000000 13700000086 	200000172 444647909 4811 	199995361 4811 0 0 0 	107669 4811 0 	427.521 	2 	36
13700000000 13800000236 	200000472 444819131 4310 	199996162 4310 0 0 0 	93282 4310 0 	424.203 	2 	37
13800000000 13900000254 	200000508 444956652 3944 	199996564 3944 0 0 0 	90181 3944 0 	421.258 	2 	38
13900000000 14000000413 	200000826 445097332 3711 	199997115 3711 0 0 0 	83024 3711 0 	418.568 	2 	39
14000000000 14100000305 	200000610 445237605 3552 	199997058 3552 0 0 0 	79299 3552 0 	415.251 	2 	40
14100000000 14200000284 	200000568 445334765 3249 	199997319 3249 0 0 0 	73632 3249 0 	412.624 	2 	41
14200000000 14300000259 	200000518 445489415 2983 	199997535 2983 0 0 0 	68039 2983 0 	409.619 	2 	42
14300000000 14400000143 	200000286 445642584 2749 	199997537 2749 0 0 0 	61942 2749 0 	407.192 	2 	43
14400000000 14500000240 	200000480 445792306 2539 	199997941 2539 0 0 0 	58516 2539 0 	403.78 	2 	44
14500000000 14600000154 	200000308 445939854 10948 	199989360 10948 0 0 0 	246254 10948 0 	436.787 	2 	45
14600000000 14700000056 	200000112 446109221 22557 	199977555 22557 0 0 0 	507052 22557 0 	497.822 	2 	46
14700000000 14800000192 	200000384 446272330 21155 	199979229 21155 0 0 0 	473749 21155 0 	494.294 	2 	47
14800000000 14900000419 	200000838 446383351 19746 	199981092 19746 0 0 0 	437322 19746 0 	491.077 	2 	48
14900000000 15000000097 	200000194 446536364 18914 	199981280 18914 0 0 0 	424892 18914 0 	488.241 	2 	49
15000000000 15100000311 	200000622 446679601 17645 	199982977 17645 0 0 0 	396494 17645 0 	484.716 	2 	50
15100000000 15200000381 	200000762 446769409 16737 	199984025 16737 0 0 0 	378614 16737 0 	481 	2 	51
15200000000 15300000012 	200000024 446830209 15529 	199984495 15529 0 0 0 	348507 15529 0 	478.142 	2 	52
15300000000 15400000378 	200000756 446959754 14760 	199985996 14760 0 0 0 	332246 14760 0 	474.658 	2 	53
15400000000 15500000371 	200000742 447115319 13729 	199987013 13729 0 0 0 	308474 13729 0 	471.847 	2 	54
15500000000 15600000131 	200000262 447233329 13039 	199987223 13039 0 0 0 	293383 13039 0 	469.2 	2 	55
15600000000 15700000352 	200000704 447389743 12270 	199988434 12270 0 0 0 	278240 12270 0 	466.07 	2 	56
15700000000 15800000186 	200000372 447482165 11763 	199988609 11763 0 0 0 	266046 11763 0 	462.908 	2 	57
15800000000 15900000414 	200000828 447634153 11014 	199989814 11014 0 0 0 	249242 11014 0 	460.263 	2 	58
15900000000 16000000146 	200000292 447703679 10095 	199990197 10095 0 0 0 	231388 10095 0 	457.618 	2 	59
16000000000 16100000115 	200000230 447858015 9548 	199990682 9548 0 0 0 	218853 9548 0 	454.966 	2 	60
16100000000 16200000230 	200000460 447933244 9009 	199991451 9009 0 0 0 	204017 9009 0 	451 	2 	61
16200000000 16300000148 	200000296 448031985 8476 	199991820 8476 0 0 0 	190665 8476 0 	448.327 	2 	62
16300000000 16400000120 	200000240 448204410 7982 	199992258 7982 0 0 0 	179490 7982 0 	445.679 	2 	63
16400000000 16500000288 	200000576 448280103 7558 	199993018 7558 0 0 0 	172204 7558 0 	443.032 	2 	64
16500000000 16600000087 	200000174 448422588 7180 	199992994 7180 0 0 0 	164324 7180 0 	440.385 	2 	65
16600000000 16700000278 	200000556 448510473 6640 	199993916 6640 0 0 0 	148732 6640 0 	437.74 	2 	66
16700000000 16800000258 	200000516 448653559 6411 	199994105 6411 0 0 0 	141502 6411 0 	435.397 	2 	67
16800000000 16900000240 	200000480 448704553 5960 	199994520 5960 0 0 0 	132685 5960 0 	433.449 	2 	68
16900000000 17000000231 	200000462 448839786 5519 	199994943 5519 0 0 0 	124673 5519 0 	430.805 	2 	69
17000000000 17100000060 	200000120 448937514 5253 	199994867 5253 0 0 0 	119115 5253 0 	428 	2 	70
17100000000 17200000047 	200000094 449089909 4958 	199995136 4958 0 0 0 	113491 4958 0 	425.159 	2 	71
17200000000 17300000013 	200000026 449141389 4760 	199995266 4760 0 0 0 	107399 4760 0 	422.511 	2 	72
17300000000 17400000178 	200000356 449245105 4353 	199996003 4353 0 0 0 	97340 4353 0 	420.577 	2 	73
17400000000 17500000347 	200000694 449359643 4166 	199996528 4166 0 0 0 	95008 4166 0 	418.217 	2 	74
17500000000 17600000107 	200000214 449525441 3948 	199996266 3948 0 0 0 	89939 3948 0 	415.571 	2 	75
17600000000 17700000026 	200000052 449596649 3646 	199996406 3646 0 0 0 	82708 3646 0 	413.285 	2 	76
17700000000 17800000368 	200000736 449734666 3433 	199997303 3433 0 0 0 	79964 3433 0 	411.28 	2 	77
17800000000 17900000168 	200000336 449844732 3343 	199996993 3343 0 0 0 	76376 3343 0 	408.758 	2 	78
17900000000 18000000054 	200000108 449907076 3010 	199997098 3010 0 0 0 	67925 3010 0 	406.992 	2 	79
18000000000 18100000100 	200000200 450000783 2874 	199997326 2874 0 0 0 	65382 2874 0 	404 	2 	80
18100000000 18200000390 	200000780 450126795 2756 	199998024 2756 0 0 0 	62780 2756 0 	402.23 	2 	81
18200000000 18300000035 	200000070 450222452 2462 	199997608 2462 0 0 0 	56592 2462 0 	399.696 	2 	82
18300000000 18400000232 	200000464 450359052 2480 	199997984 2480 0 0 0 	55319 2480 0 	397.701 	2 	83
18400000000 18500000108 	200000216 450415498 2291 	199997925 2291 0 0 0 	50938 2291 0 	395.403 	2 	84
18500000000 18600000262 	200000524 450580368 2067 	199998457 2067 0 0 0 	47027 2067 0 	393.172 	2 	85
18600000000 18700000242 	200000484 450680341 2017 	199998467 2017 0 0 0 	46374 2017 0 	391.409 	2 	86
18700000000 18800000314 	200000628 450751688 1858 	199998770 1858 0 0 0 	43166 1858 0 	389.467 	2 	87
18800000000 18900000177 	200000354 450866608 1753 	199998601 1753 0 0 0 	40771 1753 0 	386.882 	2 	88
18900000000 19000000285 	200000570 450907993 1670 	199998900 1670 0 0 0 	36045 1670 0 	385 	2 	89
19000000000 19100000004 	200000008 451031834 1649 	199998359 1649 0 0 0 	38817 1649 0 	383.118 	2 	90
19100000000 19200000379 	200000758 451200105 1496 	199999262 1496 0 0 0 	34011 1496 0 	381.353 	2 	91
19200000000 19300000053 	200000106 451280143 1500 	199998606 1500 0 0 0 	33987 1500 0 	378.881 	2 	92
19300000000 19400000120 	200000240 451348687 1342 	199998898 1342 0 0 0 	30217 1342 0 	376.824 	2 	93
19400000000 19500000048 	200000096 451468049 1197 	199998899 1197 0 0 0 	27587 1197 0 	375.06 	2 	94
19500000000 19600000132 	200000264 451519558 1240 	199999024 1240 0 0 0 	27249 1240 0 	373.296 	2 	95
19600000000 19700000310 	200000620 451623220 1187 	199999433 1187 0 0 0 	28060 1187 0 	371.533 	2 	96
19700000000 19800000154 	200000308 451711808 986 	199999322 986 0 0 0 	22703 986 0 	369.77 	2 	97
19800000000 19900000320 	200000640 451803810 920 	199999720 920 0 0 0 	20549 920 0 	368 	2 	98
19900000000 20000000008 	200000016 451933523 898 	199999118 898 0 0 0 	21202 898 0 	366.007 	2 	99
20000000000 20100000358 	200000716 452053095 930 	199999786 930 0 0 0 	19899 930 0 	364.242 	2 	100
20100000000 20200000100 	200000200 452157891 842 	199999358 842 0 0 0 	19148 842 0 	362.477 	2 	101
20200000000 20300000260 	200000520 452263927 768 	199999752 768 0 0 0 	17932 768 0 	360.712 	2 	102
20300000000 20400000198 	200000396 452331154 5281 	199995115 5281 0 0 0 	120378 5281 0 	401.179 	2 	103
20400000000 20500000088 	200000176 452434482 8793 	199991383 8793 0 0 0 	202825 8793 0 	445.112 	2 	104
20500000000 20600000013 	200000026 452576991 8463 	199991563 8463 0 0 0 	192017 8463 0 	443.3 	2 	105
20600000000 20700000264 	200000528 452629810 8053 	199992475 8053 0 0 0 	185437 8053 0 	441.494 	2 	106
20700000000 20800000249 	200000498 452713655 7737 	199992761 7737 0 0 0 	171996 7737 0 	439 	2 	107
20800000000 20900000280 	200000560 452823529 7469 	199993091 7469 0 0 0 	172647 7469 0 	436.686 	2 	108
20900000000 21000000202 	200000404 452884161 6992 	199993412 6992 0 0 0 	159838 6992 0 	435.253 	2 	109
21000000000 21100000110 	200000220 453006250 6584 	199993636 6584 0 0 0 	151735 6584 0 	434 	2 	110
21100000000 21200000229 	200000458 453031115 6307 	199994151 6307 0 0 0 	144458 6307 0 	431.074 	2 	111
21200000000 21300000117 	200000234 453180686 5958 	199994276 5958 0 0 0 	138773 5958 0 	429.262 	2 	112
21300000000 21400000138 	200000276 453285789 5805 	199994471 5805 0 0 0 	132064 5805 0 	427.457 	2 	113
21400000000 21500000375 	200000750 453323614 5497 	199995253 5497 0 0 0 	124805 5497 0 	425 	2 	114
21500000000 21600000027 	200000054 453424759 5263 	199994791 5263 0 0 0 	120713 5263 0 	422.649 	2 	115
21600000000 21700000338 	200000676 453501500 5138 	199995538 5138 0 0 0 	117753 5138 0 	421.228 	2 	116
21700000000 21800000320 	200000640 453631853 4774 	199995866 4774 0 0 0 	109806 4774 0 	420 	2 	117
21800000000 21900000164 	200000328 453715087 4508 	199995820 4508 0 0 0 	104373 4508 0 	417.037 	2 	118
21900000000 22000000308 	200000616 453795570 4373 	199996243 4373 0 0 0 	99458 4373 0 	415.225 	2 	119
22000000000 22100000214 	200000428 453875974 4160 	199996268 4160 0 0 0 	94316 4160 0 	413.614 	2 	120
22100000000 22200000228 	200000456 453965481 3954 	199996502 3954 0 0 0 	87294 3954 0 	412 	2 	121
22200000000 22300000173 	200000346 454028369 3754 	199996592 3754 0 0 0 	86428 3754 0 	409.612 	2 	122
22300000000 22400000331 	200000662 454096648 3603 	199997059 3603 0 0 0 	80676 3603 0 	408.203 	2 	123
22400000000 22500000307 	200000614 454195497 3266 	199997348 3266 0 0 0 	74009 3266 0 	407 	2 	124
22500000000 22600000220 	200000440 454288122 3225 	199997215 3225 0 0 0 	75624 3225 0 	404 	2 	125
22600000000 22700000204 	200000408 454362435 3085 	199997323 3085 0 0 0 	71757 3085 0 	402.793 	2 	126
22700000000 22800000290 	200000580 454450306 2922 	199997658 2922 0 0 0 	67557 2922 0 	401.382 	2 	127
22800000000 22900000173 	200000346 454488849 2838 	199997508 2838 0 0 0 	64301 2838 0 	399 	2 	128
22900000000 23000000060 	200000120 454604617 2690 	199997430 2690 0 0 0 	61945 2690 0 	397.384 	2 	129
23000000000 23100000360 	200000720 454705218 2509 	199998211 2509 0 0 0 	59118 2509 0 	395.765 	2 	130
23100000000 23200000010 	200000020 454743275 2329 	199997691 2329 0 0 0 	52117 2329 0 	393.975 	2 	131
23200000000 23300000376 	200000752 454844155 2326 	199998426 2326 0 0 0 	55741 2326 0 	392 	2 	132
23300000000 23400000292 	200000584 454936517 2256 	199998328 2256 0 0 0 	52717 2256 0 	390.768 	2 	133
23400000000 23500000377 	200000754 455022326 2042 	199998712 2042 0 0 0 	47333 2042 0 	389.344 	2 	134
23500000000 23600000026 	200000052 455090034 2033 	199998019 2033 0 0 0 	44372 2033 0 	387 	2 	135
23600000000 23700000291 	200000582 455210285 1984 	199998598 1984 0 0 0 	46988 1984 0 	385.359 	2 	136
23700000000 23800000041 	200000082 455223329 1883 	199998199 1883 0 0 0 	43829 1883 0 	384.153 	2 	137
23800000000 23900000221 	200000442 455331941 1736 	199998706 1736 0 0 0 	39328 1736 0 	382.95 	2 	138
23900000000 24000000308 	200000616 455424893 1657 	199998959 1657 0 0 0 	39524 1657 0 	381 	2 	139
24000000000 24100000149 	200000298 455502082 1558 	199998740 1558 0 0 0 	35906 1558 0 	379.113 	2 	140
24100000000 24200000222 	200000444 455551620 1509 	199998935 1509 0 0 0 	35346 1509 0 	377.539 	2 	141
24200000000 24300000208 	200000416 455667914 1521 	199998895 1521 0 0 0 	34223 1521 0 	376 	2 	142
24300000000 24400000030 	200000060 455773004 1358 	199998702 1358 0 0 0 	30814 1358 0 	374.334 	2 	143
24400000000 24500000210 	200000420 455794235 1314 	199999106 1314 0 0 0 	29703 1314 0 	373.128 	2 	144
24500000000 24600000334 	200000668 455932936 1333 	199999335 1333 0 0 0 	31098 1333 0 	371.925 	2 	145
24600000000 24700000270 	200000540 455993467 1188 	199999352 1188 0 0 0 	27272 1188 0 	370 	2 	146
24700000000 24800000104 	200000208 456106632 1193 	199999015 1193 0 0 0 	26059 1193 0 	368.718 	2 	147
24800000000 24900000160 	200000320 456143112 1132 	199999188 1132 0 0 0 	25905 1132 0 	367.514 	2 	148
24900000000 25000000350 	200000700 456241522 1051 	199999649 1051 0 0 0 	24311 1051 0 	366 	2 	149
25000000000 25100000038 	200000076 456272889 1009 	199999067 1009 0 0 0 	21904 1009 0 	364.309 	2 	150
25100000000 25200000080 	200000160 456375884 963 	199999197 963 0 0 0 	21506 963 0 	363.103 	2 	151
25200000000 25300000334 	200000668 456396630 896 	199999772 896 0 0 0 	19807 896 0 	361.9 	2 	152
25300000000 25400000080 	200000160 456507639 888 	199999272 888 0 0 0 	19600 888 0 	360 	2 	153
25400000000 25500000158 	200000316 456596006 808 	199999508 808 0 0 0 	18995 808 0 	358.693 	2 	154
25500000000 25600000018 	200000036 456657028 784 	199999252 784 0 0 0 	17618 784 0 	357.489 	2 	155
25600000000 25700000044 	200000088 456749777 775 	199999313 775 0 0 0 	16803 775 0 	356 	2 	156
25700000000 25800000046 	200000092 456802994 713 	199999379 713 0 0 0 	16355 713 0 	354.285 	2 	157
25800000000 25900000248 	200000496 456863516 707 	199999789 707 0 0 0 	16862 707 0 	353.078 	2 	158
25900000000 26000000196 	200000392 456923907 659 	199999733 659 0 0 0 	15978 659 0 	351.875 	2 	159
26000000000 26100000250 	200000500 457031458 583 	199999917 583 0 0 0 	13053 583 0 	350 	2 	160
26100000000 26200000254 	200000508 457082129 579 	199999929 579 0 0 0 	13994 579 0 	348.669 	2 	161
26200000000 26300000126 	200000252 457178872 586 	199999666 586 0 0 0 	12436 586 0 	347.464 	2 	162
26300000000 26400000228 	200000456 457249533 534 	199999922 534 0 0 0 	12529 534 0 	346 	2 	163
26400000000 26500000282 	200000564 457334565 508 	200000056 508 0 0 0 	11749 508 0 	344.26 	2 	164
26500000000 26600000143 	200000286 457417709 465 	199999821 465 0 0 0 	11160 465 0 	343.527 	2 	165
26600000000 26700000235 	200000470 457459504 452 	200000018 452 0 0 0 	10953 452 0 	342.851 	2 	166
26700000000 26800000296 	200000592 457554220 452 	200000140 452 0 0 0 	10457 452 0 	341 	2 	167
26800000000 26900000297 	200000594 457642303 418 	200000176 418 0 0 0 	9574 418 0 	339.644 	2 	168
26900000000 27000000261 	200000522 457709376 439 	200000083 439 0 0 0 	9795 439 0 	338.439 	2 	169
27000000000 27100000032 	200000064 457771521 376 	199999688 376 0 0 0 	9261 376 0 	337 	2 	170
27100000000 27200000116 	200000232 457858416 378 	199999854 378 0 0 0 	8629 378 0 	336.118 	2 	171
27200000000 27300000300 	200000600 457930846 351 	200000249 351 0 0 0 	7407 351 0 	335.028 	2 	172
27300000000 27400000106 	200000212 457949106 349 	199999863 349 0 0 0 	8605 349 0 	333.826 	2 	173
27400000000 27500000060 	200000120 458014533 308 	199999812 308 0 0 0 	7324 308 0 	332 	2 	174
27500000000 27600000322 	200000644 458083858 299 	200000345 299 0 0 0 	6993 299 0 	330.619 	2 	175
27600000000 27700000328 	200000656 458180819 318 	200000338 318 0 0 0 	6389 318 0 	329.708 	2 	176
27700000000 27800000208 	200000416 458211114 289 	200000127 289 0 0 0 	6609 289 0 	329 	2 	177
27800000000 27900000088 	200000176 458308535 278 	199999898 278 0 0 0 	6482 278 0 	327.21 	2 	178
27900000000 28000000218 	200000436 458373661 237 	200000199 237 0 0 0 	5263 237 0 	326.503 	2 	179
28000000000 28100000240 	200000480 458442429 242 	200000238 242 0 0 0 	5726 242 0 	325.801 	2 	180
28100000000 28200000008 	200000016 458512725 229 	199999787 229 0 0 0 	4924 229 0 	324 	2 	181
28200000000 28300000296 	200000592 458574803 200 	200000392 200 0 0 0 	4840 200 0 	322.594 	2 	182
28300000000 28400000238 	200000476 458596523 209 	200000267 209 0 0 0 	5106 209 0 	321.695 	2 	183
28400000000 28500000263 	200000526 458693606 2187 	199998339 2187 0 0 0 	50013 2187 0 	366.75 	2 	184
28500000000 28600000173 	200000346 458794405 3086 	199997260 3086 0 0 0 	71354 3086 0 	399 	2 	185
28600000000 28700000036 	200000072 458834892 3028 	199997044 3028 0 0 0 	70809 3028 0 	397.985 	2 	186
28700000000 28800000330 	200000660 458910170 2964 	199997696 2964 0 0 0 	66616 2964 0 	397 	2 	187
28800000000 28900000094 	200000188 459017077 2751 	199997437 2751 0 0 0 	62795 2751 0 	394.717 	2 	188
28900000000 29000000254 	200000508 459120663 2743 	199997765 2743 0 0 0 	65622 2743 0 	393.975 	2 	189
29000000000 29100000376 	200000752 459157666 2640 	199998112 2640 0 0 0 	59964 2640 0 	392 	2 	190
29100000000 29200000176 	200000352 459179336 2539 	199997813 2539 0 0 0 	58153 2539 0 	391.467 	2 	191
29200000000 29300000290 	400000830 898133036 12117 	399988713 12117 0 0 0 	271417 12117 0 	423.931 	2 	0
29300000000 29400000269 	400000826 898392302 11194 	399989632 11194 0 0 0 	248534 11194 0 	421.116 	2 	1
29400000000 29500000026 	400000414 898592984 10291 	399990123 10291 0 0 0 	230139 10291 0 	418.653 	2 	2
29500000000 29600000018 	400000866 898775811 9228 	399991638 9228 0 0 0 	206085 9228 0 	415.389 	2 	3
29600000000 29700000373 	400001192 899043495 3351 	399997841 3351 0 0 0 	74988 3351 0 	336.638 	2 	4
29700000000 29800000151 	400000778 899355063 1982 	399998796 1982 0 0 0 	45653 1982 0 	321.226 	2 	5
29800000000 29900000150 	400000512 899527280 1955 	399998557 1955 0 0 0 	45180 1955 0 	319.474 	2 	6
29900000000 30000000308 	400000778 899721607 1838 	399998940 1838 0 0 0 	43451 1838 0 	317.009 	2 	7
30000000000 30100000206 	400000552 900038568 1828 	399998724 1828 0 0 0 	42923 1828 0 	314.724 	2 	8
30100000000 30200000278 	400001068 900224484 1785 	399999283 1785 0 0 0 	41656 1785 0 	312.726 	2 	9
30200000000 30300000106 	400000356 900532240 1713 	399998643 1713 0 0 0 	38220 1713 0 	310.601 	2 	10
30300000000 30400000216 	400000604 900732292 1616 	399998988 1616 0 0 0 	34739 1616 0 	308.892 	2 	11
30400000000 30500000120 	400000322 900939074 1543 	399998779 1543 0 0 0 	36479 1543 0 	306.706 	2 	12
30500000000 30600000356 	400001130 901204078 1523 	399999607 1523 0 0 0 	34827 1523 0 	304.968 	2 	13
30600000000 30700000296 	400001002 901429123 1469 	399999533 1469 0 0 0 	33805 1469 0 	302.895 	2 	14
30700000000 30800000062 	400000184 901744035 15823 	399984361 15823 0 0 0 	352806 15823 0 	369.394 	2 	15
30800000000 30900000270 	400000556 901972162 22886 	399977670 22886 0 0 0 	505456 22886 0 	425.676 	2 	16
30900000000 31000000282 	400001252 902256092 21260 	399979992 21260 0 0 0 	479500 21260 0 	423.023 	2 	17
31000000000 31100000080 	400000852 902520157 19664 	399981188 19664 0 0 0 	437309 19664 0 	421.03 	2 	18
31100000000 31200000350 	400001060 902646615 18276 	399982784 18276 0 0 0 	405999 18276 0 	418.428 	2 	19
31200000000 31300000202 	400000812 902943117 17016 	399983796 17016 0 0 0 	381141 17016 0 	416.401 	2 	20
31300000000 31400000264 	400001128 903090796 15653 	399985475 15653 0 0 0 	355504 15653 0 	413.993 	2 	21
31400000000 31500000058 	400001028 903303887 14683 	399986345 14683 0 0 0 	323840 14683 0 	411.86 	2 	22
31500000000 31600000328 	400001014 903455311 13586 	399987428 13586 0 0 0 	304700 13586 0 	409.848 	2 	23
31600000000 31700000202 	400001320 903719139 12446 	399988874 12446 0 0 0 	278623 12446 0 	407.561 	2 	24
31700000000 31800000032 	400000272 903899580 11546 	399988726 11546 0 0 0 	259163 11546 0 	405.682 	2 	25
31800000000 31900000140 	400000722 904106097 11062 	399989660 11062 0 0 0 	249208 11062 0 	403.147 	2 	26
31900000000 32000000006 	400000656 904329025 10236 	399990420 10236 0 0 0 	231645 10236 0 	401.358 	2 	27
32000000000 32100000044 	400000754 904515775 9558 	399991196 9558 0 0 0 	217904 9558 0 	399.134 	2 	28
32100000000 32200000180 	400000726 904748975 8797 	399991929 8797 0 0 0 	198496 8797 0 	396.828 	2 	29
32200000000 32300000044 	400000442 904965346 8102 	399992340 8102 0 0 0 	184669 8102 0 	394.998 	2 	30
32300000000 32400000018 	400000854 905217304 7478 	399993376 7478 0 0 0 	167972 7478 0 	392.677 	2 	31
32400000000 32500000166 	400000726 905361695 7018 	399993708 7018 0 0 0 	156012 7018 0 	391.06 	2 	32
32500000000 32600000250 	400000852 905525022 6608 	399994244 6608 0 0 0 	152027 6608 0 	388.607 	2 	33
32600000000 32700000046 	400000324 905797142 6077 	399994247 6077 0 0 0 	137148 6077 0 	387.222 	2 	34
32700000000 32800000236 	400001282 905965997 5669 	399995613 5669 0 0 0 	128301 5669 0 	385.076 	2 	35
32800000000 32900000172 	400000516 906110499 5420 	399995096 5420 0 0 0 	121064 5420 0 	382.975 	2 	36
32900000000 33000000228 	400000928 906296279 4882 	399996046 4882 0 0 0 	107055 4882 0 	381.131 	2 	37
33000000000 33100000342 	400001192 906525337 4550 	399996642 4550 0 0 0 	102977 4550 0 	378.93 	2 	38
33100000000 33200000305 	400001436 906704760 4296 	399997140 4296 0 0 0 	96101 4296 0 	377.586 	2 	39
33200000000 33300000278 	400001166 906885515 4125 	399997041 4125 0 0 0 	91884 4125 0 	375.683 	2 	40
33300000000 33400000299 	400001166 907074375 3783 	399997383 3783 0 0 0 	85664 3783 0 	374.197 	2 	41
33400000000 33500000296 	400001110 907275695 3477 	399997633 3477 0 0 0 	80054 3477 0 	372.173 	2 	42
33500000000 33600000071 	400000428 907516216 3293 	399997135 3293 0 0 0 	74529 3293 0 	370.463 	2 	43
33600000000 33700000254 	400000988 907750822 3019 	399997969 3019 0 0 0 	69550 3019 0 	368.565 	2 	44
33700000000 33800000285 	400000878 907882994 11394 	399989484 11394 0 0 0 	256647 11394 0 	380.654 	2 	45
33800000000 33900000223 	400000558 908158539 22970 	399977588 22970 0 0 0 	516633 22970 0 	401.85 	2 	46
33900000000 34000000320 	400001024 908302717 21574 	399979450 21574 0 0 0 	484403 21574 0 	400.058 	2 	47
34000000000 34100000160 	400001158 908544664 20146 	399981012 20146 0 0 0 	447310 20146 0 	398.501 	2 	48
34100000000 34200000268 	400000730 908770390 19297 	399981433 19297 0 0 0 	434226 19297 0 	396.654 	2 	49
34200000000 34300000098 	400000818 908931508 18046 	399982772 18046 0 0 0 	405207 18046 0 	394.634 	2 	50
34300000000 34400000060 	400000882 909090017 17084 	399983798 17084 0 0 0 	386170 17084 0 	392.846 	2 	51
34400000000 34500000144 	400000312 909214739 15844 	399984468 15844 0 0 0 	356669 15844 0 	390.69 	2 	52
34500000000 34600000045 	400000846 909453812 15111 	399985735 15111 0 0 0 	340634 15111 0 	389.248 	2 	53
34600000000 34700000208 	400001158 909613096 14028 	399987130 14028 0 0 0 	315216 14028 0 	387.684 	2 	54
34700000000 34800000043 	400000348 909769194 13369 	399986979 13369 0 0 0 	301118 13369 0 	386.281 	2 	55
34800000000 34900000197 	400001098 909964564 12549 	399988549 12549 0 0 0 	284833 12549 0 	384.341 	2 	56
34900000000 35000000104 	400000580 910133098 12059 	399988521 12059 0 0 0 	273787 12059 0 	382.837 	2 	57
35000000000 35100000174 	400001176 910325965 11286 	399989890 11286 0 0 0 	255897 11286 0 	381.668 	2 	58
35100000000 35200000006 	400000304 910491946 10348 	399989956 10348 0 0 0 	237530 10348 0 	379.565 	2 	59
35200000000 35300000284 	400000798 910673587 9789 	399991009 9789 0 0 0 	224365 9789 0 	378.304 	2 	60
35300000000 35400000320 	400001100 910778402 9244 	399991856 9244 0 0 0 	209053 9244 0 	375.736 	2 	61
35400000000 35500000148 	400000592 910935706 8697 	399991895 8697 0 0 0 	196189 8697 0 	374.549 	2 	62
35500000000 35600000167 	400000574 911145806 8223 	399992351 8223 0 0 0 	185695 8223 0 	373.202 	2 	63
35600000000 35700000089 	400000754 911277160 7788 	399992966 7788 0 0 0 	178373 7788 0 	371.42 	2 	64
35700000000 35800000120 	400000414 911487622 7373 	399993041 7373 0 0 0 	168785 7373 0 	369.991 	2 	65
35800000000 35900000306 	400001168 911591131 6852 	399994316 6852 0 0 0 	153696 6852 0 	368.462 	2 	66
35900000000 36000000256 	400001028 911861186 6617 	399994411 6617 0 0 0 	146090 6617 0 	367.369 	2 	67
36000000000 36100000096 	400000672 911919232 6179 	399994493 6179 0 0 0 	137463 6179 0 	365.522 	2 	68
36100000000 36200000115 	400000692 912138394 5688 	399995004 5688 0 0 0 	128901 5688 0 	364.319 	2 	69
36200000000 36300000215 	400000550 912248602 5422 	399995128 5422 0 0 0 	123125 5422 0 	362.907 	2 	70
36300000000 36400000290 	400000674 912475311 5121 	399995553 5121 0 0 0 	117041 5121 0 	361.031 	2 	71
36400000000 36500000057 	400000140 912602259 4916 	399995224 4916 0 0 0 	111279 4916 0 	359.603 	2 	72
36500000000 36600000118 	400000592 912741083 4524 	399996068 4524 0 0 0 	101047 4524 0 	358.311 	2 	73
36600000000 36700000096 	400000886 912894067 4313 	399996573 4313 0 0 0 	98090 4313 0 	357.188 	2 	74
36700000000 36800000110 	400000434 913132607 4098 	399996336 4098 0 0 0 	94202 4098 0 	355.105 	2 	75
36800000000 36900000068 	400000188 913228588 3809 	399996379 3809 0 0 0 	86887 3809 0 	354.005 	2 	76
36900000000 37000000125 	400000986 913470073 3551 	399997435 3551 0 0 0 	83001 3551 0 	352.878 	2 	77
37000000000 37100000109 	400000554 913573215 3458 	399997096 3458 0 0 0 	78900 3458 0 	351.094 	2 	78
37100000000 37200000031 	400000170 913703370 3143 	399997027 3143 0 0 0 	71266 3143 0 	349.994 	2 	79
37200000000 37300000276 	400000752 913856804 2995 	399997757 2995 0 0 0 	68241 2995 0 	348.296 	2 	80
37300000000 37400000000 	400000780 914072078 2863 	399997917 2863 0 0 0 	64852 2863 0 	347.369 	2 	81
37400000000 37500000192 	400000454 914176953 2563 	399997891 2563 0 0 0 	59384 2563 0 	345.341 	2 	82
37500000000 37600000106 	400000676 914327197 2606 	399998070 2606 0 0 0 	58638 2606 0 	344.328 	2 	83
37600000000 37700000302 	400000820 914473357 2389 	399998431 2389 0 0 0 	53249 2389 0 	343.089 	2 	84
37700000000 37800000049 	400000622 914678169 2152 	399998470 2152 0 0 0 	48764 2152 0 	341.82 	2 	85
37800000000 37900000052 	400000588 914852900 2124 	399998464 2124 0 0 0 	48850 2124 0 	340.94 	2 	86
37900000000 38000000070 	400000768 914922975 1953 	399998815 1953 0 0 0 	45158 1953 0 	339.03 	2 	87
38000000000 38100000205 	400000764 915141595 1836 	399998928 1836 0 0 0 	42841 1836 0 	337.836 	2 	88
38100000000 38200000251 	400001072 915199936 1763 	399999309 1763 0 0 0 	38418 1763 0 	336.594 	2 	89
38200000000 38300000291 	400000590 915382315 1723 	399998867 1723 0 0 0 	40657 1723 0 	335.332 	2 	90
38300000000 38400000197 	400001152 915599536 1578 	399999574 1578 0 0 0 	35802 1578 0 	333.932 	2 	91
38400000000 38500000291 	400000688 915792245 1581 	399999107 1581 0 0 0 	35824 1581 0 	332.553 	2 	92
38500000000 38600000048 	400000336 915834236 1430 	399998906 1430 0 0 0 	31955 1430 0 	331.558 	2 	93
38600000000 38700000119 	400000334 916062114 1269 	399999065 1269 0 0 0 	29332 1269 0 	330.289 	2 	94
38700000000 38800000243 	400000750 916131586 1313 	399999437 1313 0 0 0 	29084 1313 0 	329.329 	2 	95
38800000000 38900000021 	400000662 916322863 1240 	399999422 1240 0 0 0 	29169 1240 0 	327.626 	2 	96
38900000000 39000000144 	400000596 916443396 1055 	399999541 1055 0 0 0 	24393 1055 0 	326.665 	2 	97
39000000000 39100000072 	400000784 916543314 977 	399999807 977 0 0 0 	21741 977 0 	325.624 	2 	98
39100000000 39200000086 	400000188 916717703 957 	399999231 957 0 0 0 	22531 957 0 	324.413 	2 	99
39200000000 39300000113 	400000942 916894489 974 	399999968 974 0 0 0 	20916 974 0 	323.527 	2 	100
39300000000 39400000204 	400000608 917047741 888 	399999720 888 0 0 0 	20289 888 0 	321.663 	2 	101
39400000000 39500000168 	400000856 917186002 820 	400000036 820 0 0 0 	19131 820 0 	320.776 	2 	102
39500000000 39600000224 	400000844 917319746 5336 	399995508 5336 0 0 0 	121739 5336 0 	335.296 	2 	103
39600000000 39700000078 	400000332 917484291 8846 	399991486 8846 0 0 0 	204172 8846 0 	349.387 	2 	104
39700000000 39800000232 	400000490 917653869 9026 	399991464 9026 0 0 0 	204886 9026 0 	373.966 	2 	105
39800000000 39900000140 	400000808 917767395 9071 	399991737 9071 0 0 0 	208627 9071 0 	395.387 	2 	106
39900000000 40000000090 	400000678 917943035 8755 	399991923 8755 0 0 0 	195310 8755 0 	393.908 	2 	107
40000000000 40100000044 	400000648 918049533 8453 	399992195 8453 0 0 0 	194936 8453 0 	392.237 	2 	108
40100000000 40200000190 	400000784 918180524 7923 	399992861 7923 0 0 0 	180854 7923 0 	391.406 	2 	109
40200000000 40300000044 	400000308 918326137 7478 	399992830 7478 0 0 0 	172288 7478 0 	389.939 	2 	110
40300000000 40400000210 	400000878 918408005 7188 	399993690 7188 0 0 0 	164294 7188 0 	388.726 	2 	111
40400000000 40500000032 	400000298 918629355 6753 	399993545 6753 0 0 0 	156194 6753 0 	386.811 	2 	112
40500000000 40600000032 	400000340 918754611 6683 	399993657 6683 0 0 0 	153488 6683 0 	386.076 	2 	113
40600000000 40700000322 	400001394 918837982 6305 	399995089 6305 0 0 0 	143143 6305 0 	384.064 	2 	114
40700000000 40800000250 	400000554 918970469 6021 	399994533 6021 0 0 0 	140517 6021 0 	382.909 	2 	115
40800000000 40900000162 	400001000 919138531 5920 	399995080 5920 0 0 0 	136318 5920 0 	381.54 	2 	116
40900000000 41000000236 	400001112 919297328 5545 	399995567 5545 0 0 0 	128288 5545 0 	380.625 	2 	117
41000000000 41100000018 	400000364 919429801 5244 	399995120 5244 0 0 0 	121368 5244 0 	378.841 	2 	118
41100000000 41200000228 	400001072 919552616 5070 	399996002 5070 0 0 0 	115005 5070 0 	377.465 	2 	119
41200000000 41300000182 	400000792 919690649 4849 	399995943 4849 0 0 0 	109991 4849 0 	376.454 	2 	120
41300000000 41400000112 	400000680 919829938 4623 	399996057 4623 0 0 0 	104151 4623 0 	374.942 	2 	121
41400000000 41500000274 	400000894 919940769 4378 	399996516 4378 0 0 0 	102109 4378 0 	373.888 	2 	122
41500000000 41600000278 	400001218 920053257 4211 	399997007 4211 0 0 0 	94358 4211 0 	372.772 	2 	123
41600000000 41700000278 	400001170 920207169 3859 	399997311 3859 0 0 0 	87950 3859 0 	372.269 	2 	124
41700000000 41800000104 	400000648 920349875 3841 	399996807 3841 0 0 0 	89961 3841 0 	369.929 	2 	125
41800000000 41900000296 	400001000 920443365 3641 	399997359 3641 0 0 0 	84112 3641 0 	369.33 	2 	126
41900000000 42000000183 	400000946 920579775 3493 	399997453 3493 0 0 0 	80568 3493 0 	367.87 	2 	127
42000000000 42100000254 	400000854 920651390 3379 	399997475 3379 0 0 0 	77097 3379 0 	366.561 	2 	128
42100000000 42200000273 	400000666 920792557 3193 	399997473 3193 0 0 0 	73602 3193 0 	365.23 	2 	129
42200000000 42300000032 	400000784 920950824 2989 	399997795 2989 0 0 0 	69010 2989 0 	364.026 	2 	130
42300000000 42400000168 	400000356 921035661 2809 	399997547 2809 0 0 0 	63525 2809 0 	363.052 	2 	131
42400000000 42500000320 	400001392 921188057 2785 	399998607 2785 0 0 0 	67202 2785 0 	361.846 	2 	132
42500000000 42600000068 	400000720 921315778 2727 	399997993 2727 0 0 0 	63716 2727 0 	361.104 	2 	133
42600000000 42700000268 	400001290 921421016 2530 	399998760 2530 0 0 0 	59125 2530 0 	359.555 	2 	134
42700000000 42800000104 	400000260 921562641 2453 	399997807 2453 0 0 0 	53972 2453 0 	358.549 	2 	135
42800000000 42900000060 	400000702 921759343 2428 	399998274 2428 0 0 0 	57177 2428 0 	356.695 	2 	136
42900000000 43000000060 	400000202 921803185 2272 	399997930 2272 0 0 0 	52086 2272 0 	356.178 	2 	137
43000000000 43100000140 	400000722 921953309 2128 	399998594 2128 0 0 0 	48687 2128 0 	354.717 	2 	138
43100000000 43200000230 	400001076 922082326 2085 	399998991 2085 0 0 0 	49408 2085 0 	353.671 	2 	139
43200000000 43300000219 	400000736 922212007 1923 	399998813 1923 0 0 0 	44997 1923 0 	352.492 	2 	140
43300000000 43400000208 	400000860 922325454 1870 	399998990 1870 0 0 0 	42445 1870 0 	351.602 	2 	141
43400000000 43500000087 	400000590 922505122 1883 	399998707 1883 0 0 0 	41684 1883 0 	350.417 	2 	142
43500000000 43600000197 	400000454 922586001 1693 	399998761 1693 0 0 0 	38885 1693 0 	349.07 	2 	143
43600000000 43700000112 	400000644 922695157 1656 	399998988 1656 0 0 0 	38134 1656 0 	348.392 	2 	144
43700000000 43800000174 	400001016 922838109 1681 	399999335 1681 0 0 0 	39353 1681 0 	347.452 	2 	145
43800000000 43900000042 	400000624 922964064 1473 	399999151 1473 0 0 0 	34307 1473 0 	346.513 	2 	146
43900000000 44000000008 	400000224 923109249 1500 	399998724 1500 0 0 0 	33000 1500 0 	344.916 	2 	147
44000000000 44100000008 	400000336 923188043 1439 	399998897 1439 0 0 0 	32972 1439 0 	344.388 	2 	148
44100000000 44200000222 	400001144 923331127 1363 	399999781 1363 0 0 0 	31063 1363 0 	342.705 	2 	149
44200000000 44300000320 	400000716 923459467 1292 	399999424 1292 0 0 0 	29312 1292 0 	341.851 	2 	150
44300000000 44400000143 	400000446 923591574 1250 	399999196 1250 0 0 0 	27235 1250 0 	340.915 	2 	151
44400000000 44500000167 	400001002 923636507 1148 	399999854 1148 0 0 0 	26380 1148 0 	340.225 	2 	152
44500000000 44600000032 	400000224 923807836 1111 	399999113 1111 0 0 0 	24347 1111 0 	338.785 	2 	153
44600000000 44700000120 	400000556 923883158 1069 	399999487 1069 0 0 0 	25664 1069 0 	337.684 	2 	154
44700000000 44800000255 	400000546 924009492 1026 	399999520 1026 0 0 0 	22938 1026 0 	336.954 	2 	155
44800000000 44900000188 	400000464 924167030 1002 	399999462 1002 0 0 0 	22408 1002 0 	335.929 	2 	156
44900000000 45000000138 	400000368 924296045 948 	399999420 948 0 0 0 	21964 948 0 	334.978 	2 	157
45000000000 45100000096 	400000688 924338705 943 	399999745 943 0 0 0 	22894 943 0 	333.512 	2 	158
45100000000 45200000096 	400000584 924454546 896 	399999688 896 0 0 0 	21573 896 0 	332.974 	2 	159
45200000000 45300000171 	400000842 924603371 782 	400000060 782 0 0 0 	17581 782 0 	331.589 	2 	160
45300000000 45400000215 	400000938 924702553 790 	400000148 790 0 0 0 	19316 790 0 	330.98 	2 	161
45400000000 45500000251 	400000754 924825841 777 	399999977 777 0 0 0 	16615 777 0 	329.555 	2 	162
45500000000 45600000057 	400000570 924926195 731 	399999839 731 0 0 0 	16857 731 0 	328.674 	2 	163
45600000000 45700000163 	400000890 925085265 702 	400000188 702 0 0 0 	16457 702 0 	327.548 	2 	164
45700000000 45800000056 	400000398 925210786 654 	399999744 654 0 0 0 	15467 654 0 	327.006 	2 	165
45800000000 45900000140 	400000750 925239387 627 	400000123 627 0 0 0 	15336 627 0 	326.223 	2 	166
45900000000 46000000110 	400000812 925434994 611 	400000201 611 0 0 0 	14025 611 0 	324.762 	2 	167
46000000000 46100000277 	400001148 925575718 593 	400000555 593 0 0 0 	13649 593 0 	324.01 	2 	168
46100000000 46200000125 	400000772 925667672 583 	400000189 583 0 0 0 	13381 583 0 	323.05 	2 	169
46200000000 46300000198 	400000460 925751808 507 	399999953 507 0 0 0 	12199 507 0 	322.323 	2 	170
46300000000 46400000031 	400000294 925947325 521 	399999773 521 0 0 0 	12188 521 0 	320.9 	2 	171
46400000000 46500000031 	400000662 926013508 503 	400000159 503 0 0 0 	10583 503 0 	320.402 	2 	172
46500000000 46600000024 	400000260 926084281 499 	399999761 499 0 0 0 	12094 499 0 	319.373 	2 	173
46600000000 46700000188 	400000496 926182272 457 	400000039 457 0 0 0 	10772 457 0 	318.47 	2 	174
46700000000 46800000288 	400001220 926272484 413 	400000807 413 0 0 0 	10023 413 0 	317.079 	2 	175
46800000000 46900000192 	400001040 926405314 465 	400000575 465 0 0 0 	9687 465 0 	316.332 	2 	176
46900000000 47000000234 	400000884 926472806 404 	400000480 404 0 0 0 	9540 404 0 	315.729 	2 	177
47000000000 47100000302 	400000780 926616204 378 	400000402 378 0 0 0 	8537 378 0 	314.64 	2 	178
47100000000 47200000048 	400000532 926748229 348 	400000184 348 0 0 0 	7840 348 0 	314.135 	2 	179
47200000000 47300000052 	400000584 926786334 361 	400000223 361 0 0 0 	8714 361 0 	313.449 	2 	180
47300000000 47400000218 	400000452 926932286 339 	400000113 339 0 0 0 	7350 339 0 	312.456 	2 	181
47400000000 47500000200 	400000992 927022396 318 	400000674 318 0 0 0 	7137 318 0 	310.887 	2 	182
47500000000 47600000200 	400000876 927169841 322 	400000554 322 0 0 0 	7812 322 0 	310.469 	2 	183
47600000000 47700000076 	400000678 927263717 2287 	399998391 2287 0 0 0 	52380 2287 0 	329.451 	2 	184
47700000000 47800000251 	400000848 927356475 3183 	399997665 3183 0 0 0 	73725 3183 0 	341.837 	2 	185
47800000000 47900000294 	400000660 927499032 3140 	399997520 3140 0 0 0 	73290 3140 0 	340.445 	2 	186
47900000000 48000000197 	400001054 927642458 3064 	399997990 3064 0 0 0 	68799 3064 0 	339.795 	2 	187
48000000000 48100000080 	400000348 927704125 2847 	399997501 2847 0 0 0 	64589 2847 0 	338.568 	2 	188
48100000000 48200000048 	400000604 927862543 2837 	399997767 2837 0 0 0 	67944 2837 0 	338.031 	2 	189
48200000000 48300000151 	400001054 927940160 2730 	399998324 2730 0 0 0 	62024 2730 0 	337.035 	2 	190
48300000000 48400000280 	400000912 927959556 2624 	399998288 2624 0 0 0 	60135 2624 0 	336.455 	2 	191
48400000000 48500000288 	600001406 1367012874 12192 	599989214 12192 0 0 0 	273279 12192 0 	369.784 	2 	0
48500000000 48600000021 	600000868 1367317270 11263 	599989605 11263 0 0 0 	250591 11263 0 	367.546 	2 	1
48600000000 48700000016 	600000446 1367534577 10382 	599990064 10382 0 0 0 	232328 10382 0 	366.269 	2 	2
48700000000 48800000072 	600001010 1367751062 9315 	599991695 9315 0 0 0 	207779 9315 0 	364.103 	2 	3
48800000000 48900000072 	600001336 1368046781 3427 	599997909 3427 0 0 0 	76929 3427 0 	320.316 	2 	4
48900000000 49000000047 	600000872 1368402141 2043 	599998829 2043 0 0 0 	47221 2043 0 	310.529 	2 	5
49000000000 49100000113 	600000738 1368659037 2029 	599998709 2029 0 0 0 	47039 2029 0 	309.383 	2 	6
49100000000 49200000284 	600001346 1368876611 1914 	599999432 1914 0 0 0 	45397 1914 0 	307.33 	2 	7
49200000000 49300000069 	600000690 1369213183 1886 	599998804 1886 0 0 0 	44337 1886 0 	305.655 	2 	8
49300000000 49400000092 	600001252 1369490112 1846 	599999406 1846 0 0 0 	42971 1846 0 	304.213 	2 	9
49400000000 49500000224 	600000804 1369845444 1768 	599999036 1768 0 0 0 	39710 1768 0 	302.683 	2 	10
49500000000 49600000267 	600001138 1370070288 1665 	599999473 1665 0 0 0 	35896 1665 0 	301.486 	2 	11
49600000000 49700000271 	600000864 1370296795 1601 	599999263 1601 0 0 0 	37994 1601 0 	299.844 	2 	12
49700000000 49800000068 	600001266 1370599886 1589 	599999677 1589 0 0 0 	36199 1589 0 	298.688 	2 	13
49800000000 49900000186 	600001374 1370832589 1531 	599999843 1531 0 0 0 	35087 1531 0 	297.046 	2 	14
49900000000 50000000186 	600000556 1371232431 15870 	599984686 15870 0 0 0 	354239 15870 0 	336.671 	2 	15
50000000000 50100000260 	600001076 1371451560 22933 	599978143 22933 0 0 0 	506595 22933 0 	365.048 	2 	16
50100000000 50200000092 	600001436 1371784046 21311 	599980125 21311 0 0 0 	480839 21311 0 	363.68 	2 	17
50200000000 50300000051 	600000954 1372049205 19717 	599981237 19717 0 0 0 	438544 19717 0 	362.283 	2 	18
50300000000 50400000031 	600001122 1372268213 18326 	599982796 18326 0 0 0 	407139 18326 0 	360.865 	2 	19
50400000000 50500000116 	600001044 1372587221 17049 	599983995 17049 0 0 0 	381828 17049 0 	359.547 	2 	20
50500000000 50600000020 	600001168 1372789682 15693 	599985475 15693 0 0 0 	356270 15693 0 	358.119 	2 	21
50600000000 50700000006 	600001040 1373004675 14728 	599986312 14728 0 0 0 	324917 14728 0 	356.844 	2 	22
50700000000 50800000032 	600001078 1373201243 13635 	599987443 13635 0 0 0 	305629 13635 0 	355.51 	2 	23
50800000000 50900000272 	600001864 1373510534 12491 	599989373 12491 0 0 0 	279428 12491 0 	354.25 	2 	24
50900000000 51000000040 	600000352 1373722601 11584 	599988768 11584 0 0 0 	260155 11584 0 	352.883 	2 	25
51000000000 51100000020 	600000762 1374007494 11093 	599989669 11093 0 0 0 	249713 11093 0 	351.576 	2 	26
51100000000 51200000214 	600001084 1374235898 10271 	599990813 10271 0 0 0 	232558 10271 0 	349.642 	2 	27
51200000000 51300000214 	600001182 1374437962 9591 	599991591 9591 0 0 0 	218618 9591 0 	348.514 	2 	28
51300000000 51400000086 	600000898 1374732766 8818 	599992080 8818 0 0 0 	198871 8818 0 	346.902 	2 	29
51400000000 51500000047 	600000536 1374962191 8126 	599992410 8126 0 0 0 	185200 8126 0 	345.884 	2 	30
51500000000 51600000010 	600000874 1375238135 7511 	599993363 7511 0 0 0 	168925 7511 0 	344.355 	2 	31
51600000000 51700000044 	600000814 1375477491 7061 	599993753 7061 0 0 0 	156756 7061 0 	343.348 	2 	32
51700000000 51800000210 	600001272 1375646328 6637 	599994635 6637 0 0 0 	152739 6637 0 	341.841 	2 	33
51800000000 51900000175 	600000674 1375962532 6103 	599994571 6103 0 0 0 	137642 6103 0 	340.856 	2 	34
51900000000 52000000121 	600001524 1376159853 5691 	599995833 5691 0 0 0 	128953 5691 0 	339.598 	2 	35
52000000000 52100000136 	600000788 1376392574 5450 	599995338 5450 0 0 0 	121616 5450 0 	338.146 	2 	36
52100000000 52200000006 	600000940 1376520801 4907 	599996033 4907 0 0 0 	107379 4907 0 	337.133 	2 	37
52200000000 52300000173 	600001538 1376819664 4573 	599996965 4573 0 0 0 	103662 4573 0 	335.532 	2 	38
52300000000 52400000173 	600001782 1377022499 4320 	599997462 4320 0 0 0 	96652 4320 0 	334.828 	2 	39
52400000000 52500000202 	600001570 1377281862 4158 	599997412 4158 0 0 0 	92521 4158 0 	332.906 	2 	40
52500000000 52600000084 	600001334 1377539969 3812 	599997522 3812 0 0 0 	86573 3812 0 	332.049 	2 	41
52600000000 52700000009 	600001128 1377722827 3492 	599997636 3492 0 0 0 	80341 3492 0 	330.616 	2 	42
52700000000 52800000170 	600000768 1377969997 3307 	599997461 3307 0 0 0 	74891 3307 0 	329.585 	2 	43
52800000000 52900000196 	600001380 1378271791 3033 	599998347 3033 0 0 0 	69832 3033 0 	328.307 	2 	44
52900000000 53000000212 	600001302 1378496697 11407 	599989895 11407 0 0 0 	256868 11407 0 	334.389 	2 	45
53000000000 53100000255 	600001068 1378780626 22986 	599978082 22986 0 0 0 	517230 22986 0 	344.844 	2 	46
53100000000 53200000180 	600001384 1378914990 21598 	599979786 21598 0 0 0 	485022 21598 0 	343.618 	2 	47
53200000000 53300000175 	600001508 1379166808 20171 	599981337 20171 0 0 0 	447975 20171 0 	342.749 	2 	48
53300000000 53400000044 	600000818 1379510649 19316 	599981502 19316 0 0 0 	434679 19316 0 	341.394 	2 	49
53400000000 53500000208 	600001234 1379689058 18065 	599983169 18065 0 0 0 	405598 18065 0 	340.393 	2 	50
53500000000 53600000040 	600000962 1379855388 17102 	599983860 17102 0 0 0 	386379 17102 0 	338.966 	2 	51
53600000000 53700000040 	600000392 1379978771 15858 	599984534 15858 0 0 0 	357025 15858 0 	337.893 	2 	52
53700000000 53800000170 	600001186 1380272961 15126 	599986060 15126 0 0 0 	340838 15126 0 	336.733 	2 	53
53800000000 53900000135 	600001428 1380496221 14040 	599987388 14040 0 0 0 	315471 14040 0 	335.855 	2 	54
53900000000 54000000189 	600000726 1380710001 13389 	599987337 13389 0 0 0 	301574 13389 0 	334.812 	2 	55
54000000000 54100000032 	600001162 1380906290 12565 	599988597 12565 0 0 0 	285195 12565 0 	333.645 	2 	56
54100000000 54200000246 	600001072 1381137676 12075 	599988997 12075 0 0 0 	274070 12075 0 	332.648 	2 	57
54200000000 54300000227 	600001630 1381325516 11308 	599990322 11308 0 0 0 	256421 11308 0 	331.769 	2 	58
54300000000 54400000064 	600000432 1381502649 10356 	599990076 10356 0 0 0 	237659 10356 0 	330.565 	2 	59
54400000000 54500000160 	600001118 1381831428 9799 	599991319 9799 0 0 0 	224627 9799 0 	329.542 	2 	60
54500000000 54600000154 	600001408 1381900356 9265 	599992143 9265 0 0 0 	209564 9265 0 	328.195 	2 	61
54600000000 54700000062 	600000716 1382109423 8709 	599992007 8709 0 0 0 	196383 8709 0 	327.112 	2 	62
54700000000 54800000062 	600000698 1382347843 8240 	599992458 8240 0 0 0 	186061 8240 0 	326.426 	2 	63
54800000000 54900000074 	600000902 1382505032 7804 	599993098 7804 0 0 0 	178672 7804 0 	325.047 	2 	64
54900000000 55000000160 	600000734 1382778703 7393 	599993341 7393 0 0 0 	169242 7393 0 	324.265 	2 	65
55000000000 55100000038 	600001244 1382879021 6866 	599994378 6866 0 0 0 	154055 6866 0 	323.11 	2 	66
55100000000 55200000159 	600001346 1383244364 6628 	599994718 6628 0 0 0 	146286 6628 0 	322.403 	2 	67
55200000000 55300000190 	600001052 1383260750 6188 	599994864 6188 0 0 0 	137619 6188 0 	321.178 	2 	68
55300000000 55400000026 	600000744 1383559812 5692 	599995052 5692 0 0 0 	129046 5692 0 	320.319 	2 	69
55400000000 55500000256 	600001062 1383727049 5427 	599995635 5427 0 0 0 	123232 5427 0 	319.41 	2 	70
55500000000 55600000277 	600001228 1383934690 5311 	599995917 5311 0 0 0 	121553 5311 0 	333.557 	2 	71
55600000000 55700000056 	600000252 1384125311 5190 	599995062 5190 0 0 0 	117801 5190 0 	345.615 	2 	72
55700000000 55800000120 	600000832 1384294243 4803 	599996029 4803 0 0 0 	108233 4803 0 	344.173 	2 	73
55800000000 55900000120 	600001126 1384482115 4583 	599996543 4583 0 0 0 	104518 4583 0 	343.482 	2 	74
55900000000 56000000196 	600000826 1384693422 4354 	599996472 4354 0 0 0 	99920 4354 0 	342.028 	2 	75
56000000000 56100000188 	600000564 1384870825 4086 	599996478 4086 0 0 0 	93456 4086 0 	341.13 	2 	76
56100000000 56200000188 	600001362 1385140023 3806 	599997556 3806 0 0 0 	88854 3806 0 	340.432 	2 	77
56200000000 56300000230 	600001014 1385308924 3710 	599997304 3710 0 0 0 	84753 3710 0 	338.785 	2 	78
56300000000 56400000096 	600000362 1385437488 3423 	599996939 3423 0 0 0 	77884 3423 0 	337.878 	2 	79
56400000000 56500000096 	600000944 1385685643 3217 	599997727 3217 0 0 0 	74039 3217 0 	336.821 	2 	80
56500000000 56600000007 	600000794 1385853130 3082 	599997712 3082 0 0 0 	70389 3082 0 	335.874 	2 	81
56600000000 56700000215 	600000884 1386035022 2799 	599998085 2799 0 0 0 	64745 2799 0 	334.598 	2 	82
56700000000 56800000092 	600000860 1386151735 2818 	599998042 2818 0 0 0 	63236 2818 0 	333.778 	2 	83
56800000000 56900000057 	600000934 1386388142 2618 	599998316 2618 0 0 0 	58955 2618 0 	332.436 	2 	84
56900000000 57000000057 	600000736 1386629745 2354 	599998382 2354 0 0 0 	53605 2354 0 	331.641 	2 	85
57000000000 57100000057 	600000702 1386797731 2344 	599998358 2344 0 0 0 	53689 2344 0 	330.895 	2 	86
57100000000 57200000056 	600000880 1386935742 2178 	599998702 2178 0 0 0 	50135 2178 0 	329.514 	2 	87
57200000000 57300000056 	600000876 1387218374 2058 	599998818 2058 0 0 0 	48059 2058 0 	328.761 	2 	88
57300000000 57400000240 	600001552 1387309116 1954 	599999598 1954 0 0 0 	42537 1954 0 	327.393 	2 	89
57400000000 57500000110 	600000810 1387527150 1910 	599998900 1910 0 0 0 	45177 1910 0 	326.44 	2 	90
57500000000 57600000124 	600001400 1387773809 1749 	599999651 1749 0 0 0 	39686 1749 0 	325.533 	2 	91
57600000000 57700000125 	600000938 1387993875 1768 	599999170 1768 0 0 0 	40511 1768 0 	324.313 	2 	92
57700000000 57800000125 	600000586 1388036302 1606 	599998980 1606 0 0 0 	36279 1606 0 	323.681 	2 	93
57800000000 57900000066 	600000466 1388355890 1455 	599999011 1455 0 0 0 	33619 1455 0 	322.634 	2 	94
57900000000 58000000031 	600000812 1388371137 1481 	599999331 1481 0 0 0 	33156 1481 0 	321.534 	2 	95
58000000000 58100000031 	600000724 1388638965 1415 	599999309 1415 0 0 0 	33604 1415 0 	320.45 	2 	96
58100000000 58200000081 	600000758 1388789966 1220 	599999538 1220 0 0 0 	28422 1220 0 	319.619 	2 	97
58200000000 58300000188 	600001160 1388928932 1143 	600000017 1143 0 0 0 	25928 1143 0 	318.809 	2 	98
58300000000 58400000188 	600000564 1389153144 1102 	599999462 1102 0 0 0 	26343 1102 0 	318.034 	2 	99
58400000000 58500000300 	600001542 1389352167 1131 	600000411 1131 0 0 0 	25320 1131 0 	316.84 	2 	100
58500000000 58600000192 	600000992 1389505487 1047 	599999945 1047 0 0 0 	23843 1047 0 	315.552 	2 	101
58600000000 58700000192 	600001240 1389717536 982 	600000258 982 0 0 0 	23663 982 0 	314.932 	2 	102
58700000000 58800000302 	600001448 1389835990 5481 	599995967 5481 0 0 0 	125094 5481 0 	323.792 	2 	103
58800000000 58900000302 	600000936 1390071016 8979 	599991957 8979 0 0 0 	207239 8979 0 	332.423 	2 	104
58900000000 59000000146 	600000782 1390254655 9157 	599991625 9157 0 0 0 	208400 9157 0 	346.705 	2 	105
59000000000 59100000052 	600000912 1390383397 9198 	599991714 9198 0 0 0 	211791 9198 0 	358.441 	2 	106
59100000000 59200000052 	600000782 1390615151 8899 	599991883 8899 0 0 0 	198675 8899 0 	357.629 	2 	107
59200000000 59300000078 	600000804 1390742256 8574 	599992230 8574 0 0 0 	197727 8574 0 	356.073 	2 	108
59300000000 59400000200 	600001184 1390909926 8054 	599993130 8054 0 0 0 	184404 8054 0 	355.319 	2 	109
59400000000 59500000200 	600000708 1391077358 7615 	599993093 7615 0 0 0 	175850 7615 0 	354.512 	2 	110
59500000000 59600000064 	600001006 1391236086 7290 	599993716 7290 0 0 0 	166461 7290 0 	353.401 	2 	111
59600000000 59700000251 	600000800 1391447403 6867 	599993933 6867 0 0 0 	159106 6867 0 	352.321 	2 	112
59700000000 59800000204 	600000748 1391611869 6786 	599993962 6786 0 0 0 	155625 6786 0 	351.709 	2 	113
59800000000 59900000197 	600001788 1391734639 6412 	599995376 6412 0 0 0 	145940 6412 0 	349.876 	2 	114
59900000000 60000000197 	600000948 1391914491 6130 	599994818 6130 0 0 0 	142707 6130 0 	349.236 	2 	115
60000000000 60100000287 	600001574 1392078214 6028 	599995546 6028 0 0 0 	138755 6028 0 	348.25 	2 	116
60100000000 60200000048 	600001208 1392284572 5664 	599995544 5664 0 0 0 	130995 5664 0 	347.508 	2 	117
60200000000 60300000048 	600000460 1392475344 5342 	599995118 5342 0 0 0 	124107 5342 0 	346.515 	2 	118
60300000000 60400000000 	600001072 1392621501 5154 	599995918 5154 0 0 0 	117077 5154 0 	345.399 	2 	119
60400000000 60500000280 	600001352 1392803341 4941 	599996411 4941 0 0 0 	112502 4941 0 	344.726 	2 	120
60500000000 60600000274 	600001228 1392915187 4722 	599996506 4722 0 0 0 	106195 4722 0 	343.85 	2 	121
60600000000 60700000021 	600000936 1393038568 4469 	599996467 4469 0 0 0 	104349 4469 0 	342.381 	2 	122
60700000000 60800000021 	600001260 1393247250 4308 	599996952 4308 0 0 0 	96537 4308 0 	341.756 	2 	123
60800000000 60900000180 	600001530 1393466644 3957 	599997573 3957 0 0 0 	90280 3957 0 	341.337 	2 	124
60900000000 61000000072 	600000792 1393578471 3917 	599996875 3917 0 0 0 	91843 3917 0 	339.709 	2 	125
61000000000 61100000072 	600001144 1393760967 3731 	599997413 3731 0 0 0 	86285 3731 0 	339.371 	2 	126
61100000000 61200000036 	600001018 1393893660 3582 	599997436 3582 0 0 0 	82734 3582 0 	338.291 	2 	127
61200000000 61300000113 	600001080 1394015989 3457 	599997623 3457 0 0 0 	79247 3457 0 	337.361 	2 	128
61300000000 61400000113 	600000892 1394169643 3252 	599997640 3252 0 0 0 	75255 3252 0 	336.609 	2 	129
61400000000 61500000018 	600000820 1394320258 3059 	599997761 3059 0 0 0 	70520 3059 0 	335.174 	2 	130
61500000000 61600000069 	600000494 1394470286 2876 	599997618 2876 0 0 0 	65099 2876 0 	334.483 	2 	131
61600000000 61700000202 	600001796 1394652172 2848 	599998948 2848 0 0 0 	68805 2848 0 	333.749 	2 	132
61700000000 61800000224 	600001168 1394843603 2804 	599998364 2804 0 0 0 	65516 2804 0 	332.934 	2 	133
61800000000 61900000224 	600001738 1394877877 2594 	599999144 2594 0 0 0 	60304 2594 0 	332.055 	2 	134
61900000000 62000000038 	600000336 1395127248 2518 	599997818 2518 0 0 0 	55583 2518 0 	331.312 	2 	135
62000000000 62100000271 	600001244 1395390833 2498 	599998746 2498 0 0 0 	58997 2498 0 	329.984 	2 	136
62100000000 62200000271 	600000744 1395398577 2334 	599998410 2334 0 0 0 	53604 2334 0 	329.688 	2 	137
62200000000 62300000173 	600001068 1395596141 2184 	599998884 2184 0 0 0 	50134 2184 0 	328.566 	2 	138
62300000000 62400000186 	600001448 1395744514 2142 	599999306 2142 0 0 0 	51102 2142 0 	327.816 	2 	139
62400000000 62500000186 	600001108 1395941560 1987 	599999121 1987 0 0 0 	46259 1987 0 	327.14 	2 	140
62500000000 62600000078 	600001016 1396116522 1933 	599999083 1933 0 0 0 	43982 1933 0 	325.82 	2 	141
62600000000 62700000092 	600000774 1396323991 1936 	599998838 1936 0 0 0 	43137 1936 0 	325.076 	2 	142
62700000000 62800000093 	600000640 1396371791 1757 	599998883 1757 0 0 0 	40719 1757 0 	324.217 	2 	143
62800000000 62900000031 	600000706 1396510018 1713 	599998993 1713 0 0 0 	39449 1713 0 	323.477 	2 	144
62900000000 63000000031 	600001078 1396735125 1735 	599999343 1735 0 0 0 	40646 1735 0 	322.936 	2 	145
63000000000 63100000155 	600000934 1396834438 1523 	599999411 1523 0 0 0 	35560 1523 0 	322.193 	2 	146
63100000000 63200000020 	600000264 1397026501 1541 	599998723 1541 0 0 0 	34256 1541 0 	321.04 	2 	147
63200000000 63300000020 	600000376 1397125487 1499 	599998877 1499 0 0 0 	34315 1499 0 	320.735 	2 	148
63300000000 63400000030 	600001204 1397288482 1420 	599999784 1420 0 0 0 	32640 1420 0 	319.444 	2 	149
63400000000 63500000032 	600000780 1397458516 1345 	599999435 1345 0 0 0 	30620 1345 0 	318.836 	2 	150
63500000000 63600000223 	600000892 1397594600 1290 	599999602 1290 0 0 0 	28130 1290 0 	318.29 	2 	151
63600000000 63700000040 	600001082 1397707274 1206 	599999876 1206 0 0 0 	27897 1206 0 	317.464 	2 	152
63700000000 63800000040 	600000304 1397894684 1154 	599999150 1154 0 0 0 	25402 1154 0 	316.627 	2 	153
63800000000 63900000148 	600000852 1398020916 1111 	599999741 1111 0 0 0 	26602 1111 0 	315.748 	2 	154
63900000000 64000000214 	600000974 1398176212 1062 	599999912 1062 0 0 0 	23611 1062 0 	314.708 	2 	155
64000000000 64100000214 	600000892 1398389252 1043 	599999849 1043 0 0 0 	23359 1043 0 	314.111 	2 	156
64100000000 64200000263 	600000894 1398544103 988 	599999906 988 0 0 0 	22704 988 0 	313.323 	2 	157
64200000000 64300000047 	600000782 1398554599 982 	599999800 982 0 0 0 	23980 982 0 	312.276 	2 	158
64300000000 64400000047 	600000678 1398696186 937 	599999741 937 0 0 0 	22441 937 0 	311.961 	2 	159
64400000000 64500000137 	600001116 1398905599 821 	600000295 821 0 0 0 	18401 821 0 	310.804 	2 	160
64500000000 64600000044 	600001026 1399053372 840 	600000186 840 0 0 0 	20540 840 0 	310.371 	2 	161
64600000000 64700000262 	600001278 1399211193 811 	600000467 811 0 0 0 	17303 811 0 	309.497 	2 	162
64700000000 64800000175 	600000920 1399346663 773 	600000147 773 0 0 0 	17782 773 0 	308.597 	2 	163
64800000000 64900000175 	600001240 1399530268 731 	600000509 731 0 0 0 	17046 731 0 	307.935 	2 	164
64900000000 65000000192 	600000782 1399651359 691 	600000091 691 0 0 0 	16492 691 0 	307.464 	2 	165
65000000000 65100000136 	600001022 1399720108 653 	600000369 653 0 0 0 	15971 653 0 	306.736 	2 	166
65100000000 65200000136 	600001084 1399943523 639 	600000445 639 0 0 0 	14530 639 0 	305.873 	2 	167
65200000000 65300000155 	600001458 1400123487 624 	600000834 624 0 0 0 	14434 624 0 	305.167 	2 	168
65300000000 65400000173 	600001118 1400225701 623 	600000495 623 0 0 0 	14207 623 0 	304.445 	2 	169
65400000000 65500000173 	600000806 1400394354 537 	600000269 537 0 0 0 	12756 537 0 	304.014 	2 	170
65500000000 65600000038 	600000370 1400576821 551 	599999819 551 0 0 0 	12923 551 0 	302.426 	2 	171
65600000000 65700000084 	600000830 1400665050 538 	600000292 538 0 0 0 	11377 538 0 	302.048 	2 	172
65700000000 65800000045 	600000350 1400747656 523 	599999827 523 0 0 0 	12530 523 0 	301.367 	2 	173
65800000000 65900000170 	600000836 1400945510 490 	600000346 490 0 0 0 	11592 490 0 	300.489 	2 	174
65900000000 66000000170 	600001560 1401039479 435 	600001125 435 0 0 0 	10606 435 0 	299.662 	2 	175
66000000000 66100000119 	600001278 1401163279 490 	600000788 490 0 0 0 	10338 490 0 	299.036 	2 	176
66100000000 66200000212 	600001308 1401273662 434 	600000874 434 0 0 0 	10244 434 0 	298.447 	2 	177
66200000000 66300000212 	600001204 1401500327 393 	600000811 393 0 0 0 	9119 393 0 	297.798 	2 	178
66300000000 66400000263 	600001058 1401614895 376 	600000682 376 0 0 0 	8753 376 0 	297.206 	2 	179
66400000000 66500000180 	600000944 1401651004 387 	600000557 387 0 0 0 	9372 387 0 	296.678 	2 	180
66500000000 66600000180 	600000812 1401853170 370 	600000442 370 0 0 0 	8608 370 0 	296.085 	2 	181
66600000000 66700000153 	600001298 1402001156 350 	600000948 350 0 0 0 	7930 350 0 	294.746 	2 	182
66700000000 66800000044 	600000964 1402153702 341 	600000623 341 0 0 0 	8229 341 0 	294.488 	2 	183
66800000000 66900000007 	600000692 1402294842 2306 	599998386 2306 0 0 0 	52756 2306 0 	305.512 	2 	184
66900000000 67000000040 	600000928 1402405303 3207 	599997721 3207 0 0 0 	74427 3207 0 	312.17 	2 	185
67000000000 67100000040 	600000740 1402593088 3158 	599997582 3158 0 0 0 	73840 3158 0 	311.395 	2 	186
67100000000 67200000190 	600001434 1402752326 3086 	599998348 3086 0 0 0 	69556 3086 0 	310.794 	2 	187
67200000000 67300000135 	600000618 1402814862 2867 	599997751 2867 0 0 0 	64989 2867 0 	309.891 	2 	188
67300000000 67400000135 	600000874 1402994515 2854 	599998020 2854 0 0 0 	68264 2854 0 	309.591 	2 	189
67400000000 67500000248 	600001550 1403125300 2748 	599998802 2748 0 0 0 	62509 2748 0 	308.673 	2 	190
67500000000 67600000032 	600000976 1403147115 2637 	599998339 2637 0 0 0 	60498 2637 0 	308.255 	2 	191
67600000000 67700000192 	800001790 1842227115 12218 	799989572 12218 0 0 0 	273932 12218 0 	336.089 	2 	0
67700000000 67800000227 	800001322 1842592728 11279 	799990043 11279 0 0 0 	251046 11279 0 	334.322 	2 	1
67800000000 67900000227 	800000900 1842851076 10393 	799990507 10393 0 0 0 	232545 10393 0 	333.528 	2 	2
67900000000 68000000090 	800001190 1843033958 9330 	799991860 9330 0 0 0 	208118 9330 0 	332.046 	2 	3
68000000000 68100000160 	800001656 1843415602 3442 	799998214 3442 0 0 0 	77192 3442 0 	303.432 	2 	4
68100000000 68200000160 	800001192 1843809244 2062 	799999130 2062 0 0 0 	47708 2062 0 	296.786 	2 	5
68200000000 68300000245 	800001228 1844064244 2049 	799999179 2049 0 0 0 	47493 2049 0 	295.807 	2 	6
68300000000 68400000062 	800001470 1844295283 1927 	799999543 1927 0 0 0 	45825 1927 0 	294.271 	2 	7
68400000000 68500000062 	800000814 1844662479 1905 	799998909 1905 0 0 0 	44812 1905 0 	293.118 	2 	8
68500000000 68600000075 	800001402 1844952348 1863 	799999539 1863 0 0 0 	43288 1863 0 	291.847 	2 	9
68600000000 68700000160 	800001124 1845349904 1779 	799999345 1779 0 0 0 	39919 1779 0 	290.75 	2 	10
68700000000 68800000040 	800001218 1845557526 1684 	799999534 1684 0 0 0 	36361 1684 0 	289.876 	2 	11
68800000000 68900000159 	800001182 1845870890 1614 	799999568 1614 0 0 0 	38414 1614 0 	288.471 	2 	12
68900000000 69000000159 	800001584 1846209154 1607 	799999977 1607 0 0 0 	36604 1607 0 	287.668 	2 	13
69000000000 69100000210 	800001794 1846459569 1548 	800000246 1548 0 0 0 	35458 1548 0 	286.396 	2 	14
69100000000 69200000026 	800000608 1846924111 15887 	799984721 15887 0 0 0 	354747 15887 0 	312.824 	2 	15
69200000000 69300000026 	800001128 1847124611 22943 	799978185 22943 0 0 0 	506906 22943 0 	330.741 	2 	16
69300000000 69400000165 	800001766 1847477278 21321 	799980445 21321 0 0 0 	481024 21321 0 	329.617 	2 	17
69400000000 69500000242 	800001438 1847764556 19724 	799981714 19724 0 0 0 	438675 19724 0 	328.627 	2 	18
69500000000 69600000242 	800001606 1848029540 18339 	799983267 18339 0 0 0 	407380 18339 0 	327.75 	2 	19
69600000000 69700000101 	800001246 1848368097 17060 	799984186 17060 0 0 0 	382180 17060 0 	326.547 	2 	20
69700000000 69800000000 	800001168 1848636713 15708 	799985460 15708 0 0 0 	356612 15708 0 	325.644 	2 	21
69800000000 69900000174 	800001388 1848840541 14736 	799986652 14736 0 0 0 	325035 14736 0 	324.761 	2 	22
69900000000 70000000035 	800001148 1849037711 13644 	799987504 13644 0 0 0 	305950 13644 0 	323.621 	2 	23
70000000000 70100000035 	800001934 1849396442 12500 	799989434 12500 0 0 0 	279683 12500 0 	322.837 	2 	24
70100000000 70200000151 	800000654 1849623710 11591 	799989063 11591 0 0 0 	260294 11591 0 	321.786 	2 	25
70200000000 70300000054 	800000870 1849985253 11101 	799989769 11101 0 0 0 	249885 11101 0 	320.77 	2 	26
70300000000 70400000054 	800001192 1850223654 10283 	799990909 10283 0 0 0 	232881 10283 0 	319.56 	2 	27
70400000000 70500000236 	800001654 1850636539 46239 	799955415 46239 0 0 0 	1103033 46239 0 	362.079 	2 	28
70500000000 70600000152 	800001202 1851055148 56081 	799945121 56081 0 0 0 	1343057 56081 0 	376.219 	2 	29
70600000000 70700000152 	800000840 1851346249 54821 	799946019 54821 0 0 0 	1305764 54821 0 	375.321 	2 	30
70700000000 70800000152 	800001178 1851614703 53541 	799947637 53541 0 0 0 	1275465 53541 0 	373.97 	2 	31
70800000000 70900000152 	800001118 1851848682 52391 	799948727 52391 0 0 0 	1246254 52391 0 	373.078 	2 	32
70900000000 71000000420 	800002112 1852109593 51814 	799950298 51814 0 0 0 	1246020 51814 0 	371.574 	2 	33
71000000000 71100000000 	800000674 1852404551 50891 	799949783 50891 0 0 0 	1204282 50891 0 	370.324 	2 	34
71100000000 71200000000 	800001524 1852632814 49558 	799951966 49558 0 0 0 	1188967 49558 0 	369.209 	2 	35
71200000000 71300000000 	800000788 1852854300 49101 	799951687 49101 0 0 0 	1169083 49101 0 	367.921 	2 	36
71300000000 71400000000 	800000940 1853023360 47708 	799953232 47708 0 0 0 	1130740 47708 0 	367.02 	2 	37
71400000000 71500000000 	800001538 1853387605 47041 	799954497 47041 0 0 0 	1131759 47041 0 	365.596 	2 	38
71500000000 71600000176 	800002134 1853603512 46157 	799955977 46157 0 0 0 	1107037 46157 0 	364.514 	2 	39
71600000000 71700000048 	800001666 1853865335 45718 	799955948 45718 0 0 0 	1098398 45718 0 	362.724 	2 	40
71700000000 71800000048 	800001430 1854172002 44893 	799956537 44893 0 0 0 	1080274 44893 0 	361.96 	2 	41
71800000000 71900000048 	800001224 1854379226 43867 	799957357 43867 0 0 0 	1053148 43867 0 	360.682 	2 	42
71900000000 72000000048 	800000864 1854633211 43453 	799957411 43453 0 0 0 	1036671 43453 0 	359.761 	2 	43
72000000000 72100000412 	800002204 1854958198 42170 	799960034 42170 0 0 0 	1010378 42170 0 	358.414 	2 	44
72100000000 72200000476 	800002254 1855200140 50668 	799951586 50668 0 0 0 	1206429 50668 0 	363.501 	2 	45
72200000000 72300000476 	800002020 1855527272 61712 	799940308 61712 0 0 0 	1452643 61712 0 	372.713 	2 	46
72300000000 72400000476 	800002336 1855686285 60361 	799941975 60361 0 0 0 	1417526 60361 0 	371.639 	2 	47
72400000000 72500000476 	800002460 1855928838 58061 	799944399 58061 0 0 0 	1357602 58061 0 	370.876 	2 	48
72500000000 72600000476 	800001770 1856308466 56856 	799944914 56856 0 0 0 	1336866 56856 0 	369.685 	2 	49
72600000000 72700000017 	800001268 1856545622 54822 	799946446 54822 0 0 0 	1284834 54822 0 	368.41 	2 	50
72700000000 72800000011 	800000984 1856724495 53894 	799947090 53894 0 0 0 	1276901 53894 0 	367.126 	2 	51
72800000000 72900000011 	800000414 1856865484 51975 	799948439 51975 0 0 0 	1229580 51975 0 	366.182 	2 	52
72900000000 73000000011 	800001208 1857214183 50468 	799950740 50468 0 0 0 	1190999 50468 0 	365.159 	2 	53
73000000000 73100000011 	800001450 1857450027 49247 	799952203 49247 0 0 0 	1151733 49247 0 	364.384 	2 	54
73100000000 73200000274 	800001274 1857627014 48137 	799953137 48137 0 0 0 	1139338 48137 0 	363.201 	2 	55
73200000000 73300000210 	800001582 1857901642 47247 	799954335 47247 0 0 0 	1117947 47247 0 	361.878 	2 	56
73300000000 73400000210 	800001492 1858130953 46245 	799955247 46245 0 0 0 	1094267 46245 0 	360.998 	2 	57
73400000000 73500000210 	800002050 1858351382 44960 	799957090 44960 0 0 0 	1072439 44960 0 	360.221 	2 	58
73500000000 73600000210 	800000852 1858618448 43837 	799957015 43837 0 0 0 	1047405 43837 0 	359.156 	2 	59
73600000000 73700000034 	800001186 1858923915 42699 	799958487 42699 0 0 0 	1011821 42699 0 	358.243 	2 	60
73700000000 73800000381 	800002170 1858974027 42065 	799960105 42065 0 0 0 	998878 42065 0 	356.509 	2 	61
73800000000 73900000381 	800001478 1859216792 40748 	799960730 40748 0 0 0 	968168 40748 0 	355.55 	2 	62
73900000000 74000000381 	800001460 1859535066 40379 	799961081 40379 0 0 0 	957788 40379 0 	354.942 	2 	63
74000000000 74100000381 	800001664 1859651174 39241 	799962423 39241 0 0 0 	937195 39241 0 	353.718 	2 	64
74100000000 74200000381 	800001496 1859935024 38690 	799962806 38690 0 0 0 	921277 38690 0 	353.024 	2 	65
74200000000 74300000295 	800001834 1860094024 37824 	799964010 37824 0 0 0 	900288 37824 0 	351.773 	2 	66
74300000000 74400000468 	800002282 1860484443 37042 	799965240 37042 0 0 0 	873985 37042 0 	350.964 	2 	67
74400000000 74500000468 	800001988 1860543553 36035 	799965953 36035 0 0 0 	862341 36035 0 	349.874 	2 	68
74500000000 74600000468 	800001680 1860813803 35424 	799966256 35424 0 0 0 	841850 35424 0 	349.11 	2 	69
74600000000 74700000468 	800001998 1861066805 34779 	799967219 34779 0 0 0 	831223 34779 0 	348.3 	2 	70
74700000000 74800000406 	800002040 1861267984 34286 	799967754 34286 0 0 0 	823517 34286 0 	360.761 	2 	71
74800000000 74900000254 	800000760 1861478187 33951 	799966809 33951 0 0 0 	811772 33951 0 	370.718 	2 	72
74900000000 75000000254 	800001340 1861655505 33177 	799968163 33177 0 0 0 	790777 33177 0 	369.473 	2 	73
75000000000 75100000254 	800001634 1861885161 32711 	799968923 32711 0 0 0 	782136 32711 0 	368.874 	2 	74
75100000000 75200000254 	800001334 1862121051 32051 	799969283 32051 0 0 0 	774546 32051 0 	367.616 	2 	75
75200000000 75300000254 	800001072 1862272992 31464 	799969608 31464 0 0 0 	755666 31464 0 	366.838 	2 	76
75300000000 75400000050 	800001462 1862633891 30987 	799970475 30987 0 0 0 	742271 30987 0 	365.946 	2 	77
75400000000 75500000365 	800001744 1862832845 30321 	799971423 30321 0 0 0 	729713 30321 0 	364.355 	2 	78
75500000000 75600000365 	800001092 1862895732 30114 	799970978 30114 0 0 0 	723985 30114 0 	363.568 	2 	79
75600000000 75700000365 	800001674 1863253686 29322 	799972352 29322 0 0 0 	704897 29322 0 	362.649 	2 	80
75700000000 75800000365 	800001524 1863404690 29069 	799972455 29069 0 0 0 	699503 29069 0 	361.825 	2 	81
75800000000 75900000161 	800001206 1863603769 28311 	799972895 28311 0 0 0 	678564 28311 0 	360.636 	2 	82
75900000000 76000000368 	800001596 1863723727 27932 	799973664 27932 0 0 0 	676506 27932 0 	359.558 	2 	83
76000000000 76100000368 	800001670 1864043850 27428 	799974242 27428 0 0 0 	657779 27428 0 	358.39 	2 	84
76100000000 76200000368 	800001472 1864311560 26867 	799974605 26867 0 0 0 	643137 26867 0 	357.696 	2 	85
76200000000 76300000368 	800001438 1864478959 26911 	799974527 26911 0 0 0 	651759 26911 0 	357.045 	2 	86
76300000000 76400000368 	800001616 1864626181 26376 	799975240 26376 0 0 0 	635767 26376 0 	355.838 	2 	87
76400000000 76500000400 	800001676 1864912145 25918 	799975758 25918 0 0 0 	621649 25918 0 	354.764 	2 	88
76500000000 76600000352 	800002256 1865063909 25589 	799976667 25589 0 0 0 	608670 25589 0 	353.405 	2 	89
76600000000 76700000352 	800001514 1865243665 25296 	799976218 25296 0 0 0 	607503 25296 0 	352.571 	2 	90
76700000000 76800000352 	800002104 1865568026 24731 	799977373 24731 0 0 0 	589254 24731 0 	351.778 	2 	91
76800000000 76900000352 	800001642 1865775464 24507 	799977135 24507 0 0 0 	584393 24507 0 	350.708 	2 	92
76900000000 77000000244 	800001074 1865892095 24112 	799976962 24112 0 0 0 	576996 24112 0 	350.043 	2 	93
77000000000 77100000120 	800000706 1866270710 23541 	799977165 23541 0 0 0 	562157 23541 0 	348.807 	2 	94
77100000000 77200000120 	800001052 1866285680 23573 	799977479 23573 0 0 0 	557736 23573 0 	347.842 	2 	95
77200000000 77300000120 	800000964 1866558319 23058 	799977906 23058 0 0 0 	551807 23058 0 	346.89 	2 	96
77300000000 77400000120 	800000998 1866686589 22545 	799978453 22545 0 0 0 	541166 22545 0 	346.159 	2 	97
77400000000 77500000120 	800001400 1866922332 22544 	799978856 22544 0 0 0 	546018 22544 0 	345.446 	2 	98
77500000000 77600000396 	800001356 1867062513 21952 	799979404 21952 0 0 0 	535279 21952 0 	344.427 	2 	99
77600000000 77700000271 	800002084 1867226078 6517 	799995567 6517 0 0 0 	154751 6517 0 	317.016 	2 	100
77700000000 77800000238 	800001468 1867416128 1132 	800000336 1132 0 0 0 	26022 1132 0 	307.875 	2 	101
77800000000 77900000186 	800001612 1867556937 1055 	800000557 1055 0 0 0 	25252 1055 0 	307.164 	2 	102
77900000000 78000000186 	800001820 1867752713 5550 	799996270 5550 0 0 0 	126970 5550 0 	313.438 	2 	103
78000000000 78100000186 	800001308 1868064275 9038 	799992270 9038 0 0 0 	208746 9038 0 	319.46 	2 	104
78100000000 78200000246 	800001274 1868190725 9215 	799992059 9215 0 0 0 	209976 9215 0 	328.799 	2 	105
78200000000 78300000092 	800001096 1868388803 9274 	799991822 9274 0 0 0 	213690 9274 0 	336.397 	2 	106
78300000000 78400000092 	800000966 1868592382 8983 	799991983 8983 0 0 0 	200864 8983 0 	335.861 	2 	107
78400000000 78500000143 	800001090 1868803206 8626 	799992464 8626 0 0 0 	199531 8626 0 	334.746 	2 	108
78500000000 78600000031 	800001246 1868973924 8111 	799993135 8111 0 0 0 	185621 8111 0 	333.982 	2 	109
78600000000 78700000031 	800000770 1869177152 7677 	799993093 7677 0 0 0 	177526 7677 0 	333.447 	2 	110
78700000000 78800000031 	800001068 1869339742 7357 	799993711 7357 0 0 0 	168287 7357 0 	332.709 	2 	111
78800000000 78900000102 	800001004 1869607471 6915 	799994089 6915 0 0 0 	160390 6915 0 	331.704 	2 	112
78900000000 79000000020 	800000788 1869799297 6842 	799993946 6842 0 0 0 	157078 6842 0 	331.239 	2 	113
79000000000 79100000020 	800001828 1869976629 6458 	799995370 6458 0 0 0 	146814 6458 0 	330.017 	2 	114
79100000000 79200000236 	800001420 1870144497 6192 	799995228 6192 0 0 0 	144245 6192 0 	329.447 	2 	115
79200000000 79300000032 	800001638 1870299626 6080 	799995558 6080 0 0 0 	140145 6080 0 	328.59 	2 	116
79300000000 79400000032 	800001272 1870569027 5708 	799995564 5708 0 0 0 	132076 5708 0 	328.094 	2 	117
79400000000 79500000209 	800000878 1870732515 5397 	799995481 5397 0 0 0 	125306 5397 0 	327.428 	2 	118
79500000000 79600000040 	800001152 1870982781 5205 	799995947 5205 0 0 0 	118256 5205 0 	326.343 	2 	119
79600000000 79700000040 	800001432 1871105676 4987 	799996445 4987 0 0 0 	114004 4987 0 	325.892 	2 	120
79700000000 79800000040 	800001308 1871329003 4774 	799996534 4774 0 0 0 	107610 4774 0 	325.305 	2 	121
79800000000 79900000122 	800001180 1871420795 4525 	799996655 4525 0 0 0 	105997 4525 0 	323.917 	2 	122
79900000000 80000000214 	800001688 1871685870 4360 	799997328 4360 0 0 0 	97776 4360 0 	323.224 	2 	123
80000000000 80100000214 	800001958 1871891084 4000 	799997958 4000 0 0 0 	91450 4000 0 	322.943 	2 	124
80100000000 80200000185 	800001162 1872059847 3958 	799997204 3958 0 0 0 	92606 3958 0 	321.787 	2 	125
80200000000 80300000047 	800001238 1872259324 3775 	799997463 3775 0 0 0 	87342 3775 0 	321.286 	2 	126
80300000000 80400000047 	800001112 1872384551 3622 	799997490 3622 0 0 0 	83850 3622 0 	320.559 	2 	127
80400000000 80500000047 	800001174 1872461193 3505 	799997669 3505 0 0 0 	80361 3505 0 	319.932 	2 	128
80500000000 80600000065 	800001022 1872716474 3292 	799997730 3292 0 0 0 	76295 3292 0 	319.168 	2 	129
80600000000 80700000044 	800000908 1872912049 3104 	799997804 3104 0 0 0 	71624 3104 0 	318.122 	2 	130
80700000000 80800000044 	800000582 1873102175 2920 	799997662 2920 0 0 0 	65982 2920 0 	317.656 	2 	131
80800000000 80900000196 	800002188 1873304702 2884 	799999304 2884 0 0 0 	69778 2884 0 	317.04 	2 	132
80900000000 81000000175 	800001518 1873498365 2849 	799998669 2849 0 0 0 	66726 2849 0 	316.277 	2 	133
81000000000 81100000175 	800002088 1873578903 2641 	799999447 2641 0 0 0 	61454 2641 0 	315.681 	2 	134
81100000000 81200000175 	800000686 1873841634 2554 	799998132 2554 0 0 0 	56636 2554 0 	315.177 	2 	135
81200000000 81300000104 	800001452 1874084695 2531 	799998921 2531 0 0 0 	59647 2531 0 	313.965 	2 	136
81300000000 81400000136 	800001016 1874165603 2365 	799998651 2365 0 0 0 	54445 2365 0 	313.747 	2 	137
81400000000 81500000136 	800001340 1874425612 2217 	799999123 2217 0 0 0 	50980 2217 0 	312.983 	2 	138
81500000000 81600000224 	800001896 1874564574 2175 	799999721 2175 0 0 0 	52079 2175 0 	312.299 	2 	139
81600000000 81700000173 	800001454 1874788135 2025 	799999429 2025 0 0 0 	47199 2025 0 	311.687 	2 	140
81700000000 81800000173 	800001362 1874921260 1975 	799999387 1975 0 0 0 	44909 1975 0 	310.788 	2 	141
81800000000 81900000062 	800000898 1875205419 1978 	799998920 1978 0 0 0 	43970 1978 0 	310.2 	2 	142
81900000000 82000000084 	800000808 1875249045 1788 	799999020 1788 0 0 0 	41562 1788 0 	309.045 	2 	143
82000000000 82100000084 	800000874 1875441517 1740 	799999134 1740 0 0 0 	40323 1740 0 	308.54 	2 	144
82100000000 82200000084 	800001246 1875682698 1767 	799999479 1767 0 0 0 	41334 1767 0 	308.171 	2 	145
82200000000 82300000043 	800001020 1875826049 1548 	799999472 1548 0 0 0 	36333 1548 0 	307.434 	2 	146
82300000000 82400000170 	800000604 1876019754 1562 	799999042 1562 0 0 0 	34543 1562 0 	306.553 	2 	147
82400000000 82500000170 	800000716 1876120561 1524 	799999192 1524 0 0 0 	34856 1524 0 	306.344 	2 	148
82500000000 82600000138 	800001480 1876307999 1447 	800000033 1447 0 0 0 	33172 1447 0 	305.364 	2 	149
82600000000 82700000212 	800001204 1876515096 1366 	799999838 1366 0 0 0 	31255 1366 0 	304.722 	2 	150
82700000000 82800000212 	800001316 1876648286 1313 	800000003 1313 0 0 0 	28666 1313 0 	304.348 	2 	151
82800000000 82900000212 	800001506 1876815092 1236 	800000270 1236 0 0 0 	28699 1236 0 	303.782 	2 	152
82900000000 83000000262 	800000828 1877040687 1180 	799999648 1180 0 0 0 	26079 1180 0 	302.924 	2 	153
83000000000 83100000180 	800001212 1877156824 1136 	800000076 1136 0 0 0 	27420 1136 0 	302.284 	2 	154
83100000000 83200000180 	800001334 1877356225 1093 	800000241 1093 0 0 0 	24468 1093 0 	301.568 	2 	155
83200000000 83300000112 	800001116 1877572717 1074 	800000042 1074 0 0 0 	24106 1074 0 	301.007 	2 	156
83300000000 83400000044 	800000982 1877767171 1002 	799999980 1002 0 0 0 	23057 1002 0 	300.298 	2 	157
83400000000 83500000044 	800000870 1877753093 1010 	799999860 1010 0 0 0 	24787 1010 0 	299.576 	2 	158
83500000000 83600000006 	800000690 1877957060 958 	799999732 958 0 0 0 	22780 958 0 	299.339 	2 	159
83600000000 83700000040 	800001196 1878183018 841 	800000355 841 0 0 0 	18785 841 0 	298.245 	2 	160
83700000000 83800000040 	800001106 1878348858 867 	800000239 867 0 0 0 	21140 867 0 	297.946 	2 	161
83800000000 83900000040 	800001358 1878536186 829 	800000529 829 0 0 0 	17757 829 0 	297.341 	2 	162
83900000000 84000000047 	800001014 1878691176 799 	800000215 799 0 0 0 	18342 799 0 	296.515 	2 	163
84000000000 84100000135 	800001510 1878881719 753 	800000757 753 0 0 0 	17436 753 0 	295.947 	2 	164
84100000000 84200000135 	800001052 1879035917 710 	800000342 710 0 0 0 	16908 710 0 	295.622 	2 	165
84200000000 84300000119 	800001260 1879140119 674 	800000586 674 0 0 0 	16491 674 0 	295.042 	2 	166
84300000000 84400000032 	800001148 1879359908 661 	800000487 661 0 0 0 	15111 661 0 	294.207 	2 	167
84400000000 84500000032 	800001522 1879610599 631 	800000891 631 0 0 0 	14647 631 0 	293.717 	2 	168
84500000000 84600000032 	800001182 1879725436 644 	800000538 644 0 0 0 	14570 644 0 	293.215 	2 	169
84600000000 84700000156 	800001118 1879897722 557 	800000561 557 0 0 0 	13330 557 0 	292.66 	2 	170
84700000000 84800000227 	800000824 1880064345 573 	800000251 573 0 0 0 	13487 573 0 	291.501 	2 	171
84800000000 84900000227 	800001284 1880243175 559 	800000725 559 0 0 0 	11863 559 0 	291.238 	2 	172
84900000000 85000000042 	800000434 1880328660 538 	799999896 538 0 0 0 	12871 538 0 	290.636 	2 	173
85000000000 85100000160 	800001156 1880551647 507 	800000649 507 0 0 0 	12166 507 0 	289.844 	2 	174
85100000000 85200000160 	800001880 1880622727 446 	800001434 446 0 0 0 	10831 446 0 	289.267 	2 	175
85200000000 85300000206 	800001690 1880762595 501 	800001189 501 0 0 0 	10616 501 0 	288.828 	2 	176
85300000000 85400000062 	800001432 1880931535 455 	800000977 455 0 0 0 	10730 455 0 	288.113 	2 	177
85400000000 85500000062 	800001328 1881154703 410 	800000918 410 0 0 0 	9417 410 0 	287.659 	2 	178
85500000000 85600000062 	800001182 1881375575 392 	800000790 392 0 0 0 	9272 392 0 	287.244 	2 	179
85600000000 85700000232 	800001408 1881367923 407 	800001001 407 0 0 0 	9711 407 0 	286.696 	2 	180
85700000000 85800000160 	800001132 1881626193 384 	800000748 384 0 0 0 	8902 384 0 	286.156 	2 	181
85800000000 85900000160 	800001618 1881760979 372 	800001246 372 0 0 0 	8445 372 0 	285.217 	2 	182
85900000000 86000000095 	800001154 1881993072 353 	800000801 353 0 0 0 	8450 353 0 	284.982 	2 	183
86000000000 86100000159 	800001010 1882059430 2318 	799998692 2318 0 0 0 	53285 2318 0 	292.385 	2 	184
86100000000 86200000159 	800001246 1882273516 3222 	799998024 3222 0 0 0 	74888 3222 0 	296.931 	2 	185
86200000000 86300000159 	800001058 1882446526 3182 	799997876 3182 0 0 0 	74301 3182 0 	296.404 	2 	186
86300000000 86400000092 	800001618 1882596217 3113 	799998505 3113 0 0 0 	70071 3113 0 	295.745 	2 	187
86400000000 86500000026 	800000670 1882673754 2881 	799997789 2881 0 0 0 	65302 2881 0 	295.055 	2 	188
86500000000 86600000026 	800000926 1882873488 2862 	799998064 2862 0 0 0 	68523 2862 0 	294.851 	2 	189
86600000000 86700000070 	800001690 1883062429 2758 	799998932 2758 0 0 0 	62748 2758 0 	294.111 	2 	190
86700000000 86800000242 	800001460 1883073018 2653 	799998807 2653 0 0 0 	60934 2653 0 	293.616 	2 	191
86800000000 86900000242 	1000002274 2322255560 12233 	999990041 12233 0 0 0 	274165 12233 0 	316.602 	2 	0
86900000000 87000000242 	1000001806 2322578714 11294 	999990512 11294 0 0 0 	251292 11294 0 	315.346 	2 	1
87000000000 87100000053 	1000001006 2322896694 10400 	999990606 10400 0 0 0 	232686 10400 0 	314.498 	2 	2
87100000000 87200000000 	1000001190 2323082394 9345 	999991845 9345 0 0 0 	208513 9345 0 	313.425 	2 	3
87200000000 87300000000 	1000001656 2323501983 3462 	999998194 3462 0 0 0 	77656 3462 0 	292.589 	2 	4
87300000000 87400000038 	1000001268 2323963243 2074 	999999194 2074 0 0 0 	47890 2074 0 	287.487 	2 	5
87400000000 87500000035 	1000001298 2324194706 2056 	999999242 2056 0 0 0 	47702 2056 0 	286.633 	2 	6
87500000000 87600000035 	1000001540 2324413872 1937 	999999603 1937 0 0 0 	46163 1937 0 	285.478 	2 	7
87600000000 87700000249 	1000001312 2324857272 1912 	999999400 1912 0 0 0 	45054 1912 0 	284.579 	2 	8
87700000000 87800000054 	1000001510 2325116280 1871 	999999639 1871 0 0 0 	43469 1871 0 	283.402 	2 	9
87800000000 87900000054 	1000001232 2325532066 1790 	999999442 1790 0 0 0 	40433 1790 0 	282.573 	2 	10
87900000000 88000000054 	1000001326 2325843034 1694 	999999632 1694 0 0 0 	36658 1694 0 	281.912 	2 	11
88000000000 88100000320 	1000001822 2326377561 37904 	999963918 37904 0 0 0 	918402 37904 0 	304.423 	2 	12
88100000000 88200000152 	1000001888 2326835689 53216 	999948672 53216 0 0 0 	1290673 53216 0 	314.682 	2 	13
88200000000 88300000152 	1000002098 2327102819 52709 	999949389 52709 0 0 0 	1282071 52709 0 	313.464 	2 	14
88300000000 88400000152 	1000000912 2327543745 66565 	999934347 66565 0 0 0 	1586246 66565 0 	338.504 	2 	15
88400000000 88500000152 	1000001432 2327781297 72386 	999929046 72386 0 0 0 	1699098 72386 0 	355.159 	2 	16
88500000000 88600000152 	1000002070 2328137592 70598 	999931472 70598 0 0 0 	1663725 70598 0 	354.122 	2 	17
88600000000 88700000152 	1000001742 2328521955 68753 	999932989 68753 0 0 0 	1622491 68753 0 	353.207 	2 	18
88700000000 88800000148 	1000001902 2328727706 66883 	999935019 66883 0 0 0 	1582424 66883 0 	352.05 	2 	19
88800000000 88900000000 	1000001246 2329118510 65376 	999935870 65376 0 0 0 	1553972 65376 0 	350.892 	2 	20
88900000000 89000000000 	1000001168 2329403599 63219 	999937949 63219 0 0 0 	1516377 63219 0 	350.058 	2 	21
89000000000 89100000000 	1000001388 2329607964 61930 	999939458 61930 0 0 0 	1466823 61930 0 	349.241 	2 	22
89100000000 89200000000 	1000001148 2329813369 60318 	999940830 60318 0 0 0 	1437484 60318 0 	348.186 	2 	23
89200000000 89300000000 	1000001934 2330214141 58921 	999943013 58921 0 0 0 	1405641 58921 0 	347.46 	2 	24
89300000000 89400000208 	1000001070 2330446251 57013 	999944057 57013 0 0 0 	1363249 57013 0 	346.463 	2 	25
89400000000 89500000048 	1000000966 2330834906 56434 	999944532 56434 0 0 0 	1350247 56434 0 	345.158 	2 	26
89500000000 89600000048 	1000001288 2331045906 55318 	999945970 55318 0 0 0 	1316687 55318 0 	344.037 	2 	27
89600000000 89700000048 	1000001750 2331527168 91057 	999910693 91057 0 0 0 	2197407 91057 0 	382.748 	2 	28
89700000000 89800000048 	1000001298 2331956989 100857 	999900441 100857 0 0 0 	2428928 100857 0 	395.312 	2 	29
89800000000 89900000048 	1000000936 2332282219 98734 	999902202 98734 0 0 0 	2373154 98734 0 	394.518 	2 	30
89900000000 90000000048 	1000001274 2332604810 97085 	999904189 97085 0 0 0 	2340510 97085 0 	393.323 	2 	31
90000000000 90100000236 	1000001590 2332820507 95481 	999906109 95481 0 0 0 	2294039 95481 0 	392.416 	2 	32
90100000000 90200000476 	1000003064 2333070546 94208 	999908856 94208 0 0 0 	2262548 94208 0 	390.7 	2 	33
90200000000 90300000476 	1000001626 2333406519 93201 	999908425 93201 0 0 0 	2232380 93201 0 	389.594 	2 	34
90300000000 90400000476 	1000002476 2333639131 91752 	999910724 91752 0 0 0 	2212402 91752 0 	388.606 	2 	35
90400000000 90500000476 	1000001740 2333895846 90384 	999911356 90384 0 0 0 	2178590 90384 0 	387.464 	2 	36
90500000000 90600000476 	1000001892 2334071955 88934 	999912958 88934 0 0 0 	2136351 88934 0 	386.665 	2 	37
90600000000 90700000476 	1000002490 2334479566 88119 	999914371 88119 0 0 0 	2127439 88119 0 	385.4 	2 	38
90700000000 90800000320 	1000002774 2334709795 86426 	999916348 86426 0 0 0 	2085388 86426 0 	384.286 	2 	39
90800000000 90900000011 	1000001688 2335014863 85771 	999915917 85771 0 0 0 	2068449 85771 0 	382.477 	2 	40
90900000000 91000000011 	1000001452 2335301807 84358 	999917094 84358 0 0 0 	2036863 84358 0 	381.798 	2 	41
91000000000 91100000011 	1000001246 2335500067 83380 	999917866 83380 0 0 0 	2023446 83380 0 	380.66 	2 	42
91100000000 91200000011 	1000000886 2335772076 82732 	999918154 82732 0 0 0 	1988891 82732 0 	379.839 	2 	43
91200000000 91300000011 	1000002226 2336123252 80743 	999921483 80743 0 0 0 	1948120 80743 0 	378.636 	2 	44
91300000000 91400000011 	1000002276 2336431383 88930 	999913346 88930 0 0 0 	2133320 88930 0 	383.168 	2 	45
91400000000 91500000276 	1000002572 2336736319 99091 	999903481 99091 0 0 0 	2364715 99091 0 	391.023 	2 	46
91500000000 91600000210 	1000002756 2336871781 98023 	999904733 98023 0 0 0 	2335397 98023 0 	389.864 	2 	47
91600000000 91700000210 	1000002880 2337200232 95004 	999907876 95004 0 0 0 	2256099 95004 0 	389.192 	2 	48
91700000000 91800000210 	1000002190 2337565470 93767 	999908423 93767 0 0 0 	2236761 93767 0 	388.142 	2 	49
91800000000 91900000210 	1000001688 2337854389 90951 	999910737 90951 0 0 0 	2161649 90951 0 	387.017 	2 	50
91900000000 92000000210 	1000001404 2338116626 90309 	999911095 90309 0 0 0 	2160602 90309 0 	385.883 	2 	51
92000000000 92100000210 	1000000834 2338251402 87801 	999913033 87801 0 0 0 	2095145 87801 0 	385.048 	2 	52
92100000000 92200000353 	1000001914 2338496962 85948 	999915966 85948 0 0 0 	2057195 85948 0 	383.758 	2 	53
92200000000 92300000381 	1000002212 2338833705 84349 	999917863 84349 0 0 0 	2011808 84349 0 	382.953 	2 	54
92300000000 92400000381 	1000002036 2339011379 82832 	999919204 82832 0 0 0 	1984606 82832 0 	381.907 	2 	55
92400000000 92500000381 	1000002344 2339290293 81482 	999920862 81482 0 0 0 	1949954 81482 0 	380.737 	2 	56
92500000000 92600000381 	1000002254 2339588415 80382 	999921872 80382 0 0 0 	1925585 80382 0 	379.957 	2 	57
92600000000 92700000381 	1000002812 2339809888 78910 	999923902 78910 0 0 0 	1892990 78910 0 	379.268 	2 	58
92700000000 92800000381 	1000001614 2340116702 77676 	999923938 77676 0 0 0 	1869177 77676 0 	378.323 	2 	59
92800000000 92900000360 	1000001906 2340390232 75683 	999926223 75683 0 0 0 	1807845 75683 0 	377.163 	2 	60
92900000000 93000000468 	1000003106 2340477179 75141 	999927965 75141 0 0 0 	1796849 75141 0 	375.602 	2 	61
93000000000 93100000468 	1000002414 2340696491 73454 	999928960 73454 0 0 0 	1762236 73454 0 	374.75 	2 	62
93100000000 93200000468 	1000002396 2341054492 72728 	999929668 72728 0 0 0 	1746537 72728 0 	374.21 	2 	63
93200000000 93300000468 	1000002600 2341222303 71336 	999931264 71336 0 0 0 	1714928 71336 0 	373.121 	2 	64
93300000000 93400000468 	1000002432 2341555798 70567 	999931865 70567 0 0 0 	1696815 70567 0 	372.502 	2 	65
93400000000 93500000246 	1000002326 2341694320 69399 	999932927 69399 0 0 0 	1675220 69399 0 	371.332 	2 	66
93500000000 93600000254 	1000002790 2342075551 68258 	999934532 68258 0 0 0 	1639841 68258 0 	370.182 	2 	67
93600000000 93700000254 	1000002496 2342237941 67182 	999935314 67182 0 0 0 	1613374 67182 0 	369.211 	2 	68
93700000000 93800000254 	1000002188 2342424225 66102 	999936086 66102 0 0 0 	1583887 66102 0 	368.53 	2 	69
93800000000 93900000254 	1000002506 2342728211 65298 	999937208 65298 0 0 0 	1569587 65298 0 	367.808 	2 	70
93900000000 94000000254 	1000002548 2342949045 64076 	999938472 64076 0 0 0 	1550437 64076 0 	378.863 	2 	71
94000000000 94100000254 	1000001268 2343210180 63582 	999937686 63582 0 0 0 	1526788 63582 0 	387.61 	2 	72
94100000000 94200000317 	1000001974 2343426434 63086 	999938888 63086 0 0 0 	1513823 63086 0 	386.403 	2 	73
94200000000 94300000365 	1000002364 2343586245 62119 	999940245 62119 0 0 0 	1496579 62119 0 	385.596 	2 	74
94300000000 94400000365 	1000002064 2343878734 60835 	999941229 60835 0 0 0 	1464438 60835 0 	384.495 	2 	75
94400000000 94500000365 	1000001802 2344046575 60250 	999941552 60250 0 0 0 	1459925 60250 0 	383.814 	2 	76
94500000000 94600000365 	1000002192 2344447517 59342 	999942850 59342 0 0 0 	1427274 59342 0 	383.033 	2 	77
94600000000 94700000365 	1000002474 2344616662 58565 	999943909 58565 0 0 0 	1415473 58565 0 	381.637 	2 	78
94700000000 94800000365 	1000001822 2344743196 57997 	999943825 57997 0 0 0 	1401378 57997 0 	380.946 	2 	79
94800000000 94900000167 	1000002008 2345093249 56871 	999945137 56871 0 0 0 	1373526 56871 0 	379.956 	2 	80
94900000000 95000000368 	1000002260 2345285726 56389 	999945871 56389 0 0 0 	1357210 56389 0 	379.023 	2 	81
95000000000 95100000368 	1000001942 2345480956 55339 	999946603 55339 0 0 0 	1333350 55339 0 	377.979 	2 	82
95100000000 95200000368 	1000002332 2345610114 54561 	999947771 54561 0 0 0 	1316359 54561 0 	377.031 	2 	83
95200000000 95300000368 	1000002406 2345944237 54140 	999948266 54140 0 0 0 	1308896 54140 0 	376.002 	2 	84
95300000000 95400000368 	1000002208 2346293523 53552 	999948656 53552 0 0 0 	1299159 53552 0 	375.392 	2 	85
95400000000 95500000368 	1000002174 2346444936 53237 	999948937 53237 0 0 0 	1291541 53237 0 	374.818 	2 	86
95500000000 95600000424 	1000002464 2346628804 52083 	999950381 52083 0 0 0 	1259089 52083 0 	373.423 	2 	87
95600000000 95700000352 	1000002380 2346939803 51641 	999950739 51641 0 0 0 	1242980 51641 0 	372.293 	2 	88
95700000000 95800000352 	1000002960 2347100951 51163 	999951797 51163 0 0 0 	1233555 51163 0 	371.095 	2 	89
95800000000 95900000352 	1000002218 2347307020 50598 	999951620 50598 0 0 0 	1219133 50598 0 	370.36 	2 	90
95900000000 96000000352 	1000002808 2347685763 49584 	999953224 49584 0 0 0 	1194562 49584 0 	369.659 	2 	91
96000000000 96100000352 	1000002346 2347810795 49269 	999953077 49269 0 0 0 	1194899 49269 0 	368.713 	2 	92
96100000000 96200000352 	1000001778 2347962418 48645 	999953133 48645 0 0 0 	1173891 48645 0 	368.125 	2 	93
96200000000 96300000123 	1000000952 2348383547 47972 	999952980 47972 0 0 0 	1150089 47972 0 	366.722 	2 	94
96300000000 96400000120 	1000001292 2348390510 47895 	999953397 47895 0 0 0 	1151678 47895 0 	365.8 	2 	95
96400000000 96500000120 	1000001204 2348652120 46900 	999954304 46900 0 0 0 	1134045 46900 0 	364.957 	2 	96
96500000000 96600000120 	1000001238 2348867763 46597 	999954641 46597 0 0 0 	1129348 46597 0 	364.31 	2 	97
96600000000 96700000120 	1000001640 2349090902 46268 	999955372 46268 0 0 0 	1120719 46268 0 	363.678 	2 	98
96700000000 96800000120 	1000001596 2349229259 45113 	999956483 45113 0 0 0 	1098324 45113 0 	362.774 	2 	99
96800000000 96900000120 	1000002324 2349413506 29674 	999972650 29674 0 0 0 	721254 29674 0 	338.138 	2 	100
96900000000 97000000294 	1000002056 2349684231 24224 	999977832 24224 0 0 0 	580709 24224 0 	329.476 	2 	101
97000000000 97100000178 	1000001968 2349810199 23764 	999978204 23764 0 0 0 	573932 23764 0 	328.823 	2 	102
97100000000 97200000178 	1000002176 2350074393 28226 	999973950 28226 0 0 0 	678640 28226 0 	334.557 	2 	103
97200000000 97300000178 	1000001664 2350353052 31160 	999970504 31160 0 0 0 	745675 31160 0 	340.031 	2 	104
97300000000 97400000178 	1000001630 2350506866 31291 	999970339 31291 0 0 0 	749498 31291 0 	348.459 	2 	105
97400000000 97500000178 	1000001452 2350691453 31095 	999970357 31095 0 0 0 	742067 31095 0 	355.262 	2 	106
97500000000 97600000164 	1000001294 2350889048 30324 	999970970 30324 0 0 0 	722510 30324 0 	354.722 	2 	107
97600000000 97700000355 	1000001800 2351169722 30081 	999971719 30081 0 0 0 	722713 30081 0 	353.428 	2 	108
97700000000 97800000355 	1000001956 2351398285 29475 	999972481 29475 0 0 0 	701041 29475 0 	352.747 	2 	109
97800000000 97900000355 	1000001480 2351538386 28974 	999972506 28974 0 0 0 	693763 28974 0 	352.269 	2 	110
97900000000 98000000355 	1000001778 2351750789 28225 	999973553 28225 0 0 0 	673412 28225 0 	351.61 	2 	111
98000000000 98100000355 	1000001714 2352023373 27534 	999974180 27534 0 0 0 	662778 27534 0 	350.711 	2 	112
98100000000 98200000355 	1000001498 2352279578 27124 	999974374 27124 0 0 0 	654315 27124 0 	350.295 	2 	113
98200000000 98300000408 	1000002644 2352444774 26935 	999975709 26935 0 0 0 	643624 26935 0 	349.037 	2 	114
98300000000 98400000230 	1000001880 2352639188 26383 	999975497 26383 0 0 0 	637806 26383 0 	348.217 	2 	115
98400000000 98500000230 	1000002098 2352822652 26207 	999975891 26207 0 0 0 	631312 26207 0 	347.451 	2 	116
98500000000 98600000230 	1000001732 2353079593 25566 	999976166 25566 0 0 0 	615386 25566 0 	347.008 	2 	117
98600000000 98700000230 	1000001338 2353269225 24730 	999976608 24730 0 0 0 	599974 24730 0 	346.411 	2 	118
98700000000 98800000230 	1000001612 2353584659 24864 	999976748 24864 0 0 0 	595153 24864 0 	345.439 	2 	119
98800000000 98900000230 	1000001892 2353716562 24175 	999977717 24175 0 0 0 	590190 24175 0 	345.035 	2 	120
98900000000 99000000042 	1000001392 2353957320 23818 	999977574 23818 0 0 0 	569057 23818 0 	344.324 	2 	121
99000000000 99100000320 	1000001820 2354029414 23382 	999978438 23382 0 0 0 	560073 23382 0 	342.912 	2 	122
99100000000 99200000320 	1000002328 2354322149 23097 	999979231 23097 0 0 0 	552581 23097 0 	342.291 	2 	123
99200000000 99300000320 	1000002598 2354525873 22464 	999980134 22464 0 0 0 	537267 22464 0 	342.039 	2 	124
99300000000 99400000320 	1000001802 2354760962 22329 	999979473 22329 0 0 0 	536209 22329 0 	341.001 	2 	125
99400000000 99500000320 	1000001878 2354949701 22069 	999979809 22069 0 0 0 	534033 22069 0 	340.55 	2 	126
99500000000 99600000320 	1000001752 2355068543 21644 	999980108 21644 0 0 0 	530586 21644 0 	339.897 	2 	127
99600000000 99700000432 	1000002038 2355204720 21483 	999980555 21483 0 0 0 	521947 21483 0 	339.091 	2 	128
99700000000 99800000400 	1000001822 2355418013 21038 	999980784 21038 0 0 0 	506227 21038 0 	338.3 	2 	129
99800000000 99900000400 	1000001708 2355719516 20584 	999981124 20584 0 0 0 	496286 20584 0 	337.36 	2 	130
99900000000 100000000400 	1000001382 2355888388 20404 	999980978 20404 0 0 0 	491185 20404 0 	336.94 	2 	131
