10000000000000 10000100000308 	200000616 570689589 36769 	199963847 36769 0 0 0 	1077445 36769 0 	508 	3 	0
10019200000000 10019300000152 	400000920 1141379376 73225 	399927695 73225 0 0 0 	2129826 73225 0 	505.992 	3 	0
10038400000000 10038500000152 	600001224 1712090150 108918 	599892306 108918 0 0 0 	3163871 108918 0 	505.326 	3 	0
10057600000000 10057700000152 	800001528 2282869398 143913 	799857615 143913 0 0 0 	4180977 143913 0 	504.994 	3 	0
10000100000000 10000200000308 	200000616 570697635 37129 	199963487 37129 0 0 0 	1070393 37129 0 	508 	3 	1
10019300000000 10019400000152 	400000920 1141394828 73400 	399927520 73400 0 0 0 	2118106 73400 0 	505.992 	3 	1
10038500000000 10038600000152 	600001224 1712136288 109051 	599892173 109051 0 0 0 	3147929 109051 0 	505.326 	3 	1
10057700000000 10057800000152 	800001528 2282885869 144452 	799857076 144452 0 0 0 	4165381 144452 0 	504.994 	3 	1
10000200000000 10000300000308 	200000616 570624816 36707 	199963909 36707 0 0 0 	1061950 36707 0 	508 	3 	2
10019400000000 10019500000152 	400000920 1141274619 73060 	399927860 73060 0 0 0 	2113016 73060 0 	505.992 	3 	2
10038600000000 10038700000152 	600001224 1712001961 108644 	599892580 108644 0 0 0 	3144876 108644 0 	505.326 	3 	2
10057800000000 10057900000152 	800001528 2282732105 143556 	799857972 143556 0 0 0 	4159098 143556 0 	504.994 	3 	2
10000300000000 10000400000308 	200000616 570632518 36605 	199964011 36605 0 0 0 	1049176 36605 0 	508 	3 	3
10019500000000 10019600000152 	400000920 1141322216 72881 	399928039 72881 0 0 0 	2095168 72881 0 	505.992 	3 	3
10038700000000 10038800000152 	600001224 1712030123 108361 	599892863 108361 0 0 0 	3115276 108361 0 	505.326 	3 	3
10057900000000 10058000000152 	800001528 2282802396 143443 	799858085 143443 0 0 0 	4133422 143443 0 	504.994 	3 	3
10000400000000 10000500000308 	200000616 570672753 36944 	199963672 36944 0 0 0 	1065435 36944 0 	508 	3 	4
10019600000000 10019700000152 	400000920 1141359860 73232 	399927688 73232 0 0 0 	2116026 73232 0 	505.992 	3 	4
10038800000000 10038900000152 	600001224 1712132928 108991 	599892233 108991 0 0 0 	3150921 108991 0 	505.326 	3 	4
10058000000000 10058100000152 	800001528 2282981949 144163 	799857365 144163 0 0 0 	4167601 144163 0 	504.994 	3 	4
10000500000000 10000600000308 	200000616 570698409 37126 	199963490 37126 0 0 0 	1085938 37126 0 	508 	3 	5
10019700000000 10019800000152 	400000920 1141387886 73498 	399927422 73498 0 0 0 	2144459 73498 0 	505.992 	3 	5
10038900000000 10039000000152 	600001224 1712086726 109108 	599892116 109108 0 0 0 	3166348 109108 0 	505.326 	3 	5
10058100000000 10058200000152 	800001528 2282875726 144366 	799857162 144366 0 0 0 	4180553 144366 0 	504.994 	3 	5
10000600000000 10000700000308 	200000616 570644685 36711 	199963905 36711 0 0 0 	1067434 36711 0 	508 	3 	6
10019800000000 10019900000152 	400000920 1141364381 72802 	399928118 72802 0 0 0 	2111358 72802 0 	505.992 	3 	6
10039000000000 10039100000152 	600001224 1712066963 108398 	599892826 108398 0 0 0 	3146193 108398 0 	505.326 	3 	6
10058200000000 10058300000152 	800001528 2282781362 143396 	799858132 143396 0 0 0 	4164675 143396 0 	504.994 	3 	6
10000700000000 10000800000308 	200000616 570654998 36861 	199963755 36861 0 0 0 	1065255 36861 0 	508 	3 	7
10019900000000 10020000000152 	400000920 1141403720 73423 	399927497 73423 0 0 0 	2119005 73423 0 	505.992 	3 	7
10039100000000 10039200000152 	600001224 1712149088 109237 	599891987 109237 0 0 0 	3156510 109237 0 	505.326 	3 	7
10058300000000 10058400000152 	800001528 2282889134 144198 	799857330 144198 0 0 0 	4166291 144198 0 	504.994 	3 	7
10000800000000 10000900000308 	200000616 570717491 36673 	199963943 36673 0 0 0 	1064525 36673 0 	508 	3 	8
10020000000000 10020100000152 	400000920 1141386048 72844 	399928076 72844 0 0 0 	2114275 72844 0 	505.992 	3 	8
10039200000000 10039300000152 	600001224 1712066363 108279 	599892945 108279 0 0 0 	3136159 108279 0 	505.326 	3 	8
10058400000000 10058500000152 	800001528 2282833537 143484 	799858044 143484 0 0 0 	4151241 143484 0 	504.994 	3 	8
10000900000000 10001000000308 	200000616 570643504 36850 	199963766 36850 0 0 0 	1068629 36850 0 	508 	3 	9
10020100000000 10020200000152 	400000920 1141369878 73249 	399927671 73249 0 0 0 	2115580 73249 0 	505.992 	3 	9
10039300000000 10039400000152 	600001224 1712066034 108938 	599892286 108938 0 0 0 	3150678 108938 0 	505.326 	3 	9
10058500000000 10058600000152 	800001528 2282824930 144096 	799857432 144096 0 0 0 	4155078 144096 0 	504.994 	3 	9
10001000000000 10001100000308 	200000616 570703974 37155 	199963461 37155 0 0 0 	1069254 37155 0 	508 	3 	10
10020200000000 10020300000152 	400000920 1141348596 73117 	399927803 73117 0 0 0 	2109593 73117 0 	505.992 	3 	10
10039400000000 10039500000152 	600001224 1712111822 109218 	599892006 109218 0 0 0 	3148161 109218 0 	505.326 	3 	10
10058600000000 10058700000152 	800001528 2282897840 144405 	799857123 144405 0 0 0 	4174322 144405 0 	504.994 	3 	10
10001100000000 10001200000308 	200000616 570655036 36742 	199963874 36742 0 0 0 	1074937 36742 0 	508 	3 	11
10020300000000 10020400000152 	400000920 1141321302 73296 	399927624 73296 0 0 0 	2135261 73296 0 	505.992 	3 	11
10039500000000 10039600000152 	600001224 1712035240 109127 	599892097 109127 0 0 0 	3165614 109127 0 	505.326 	3 	11
10058700000000 10058800000152 	800001528 2282791683 144305 	799857223 144305 0 0 0 	4184646 144305 0 	504.994 	3 	11
10001200000000 10001300000308 	200000616 570649775 36984 	199963632 36984 0 0 0 	1068134 36984 0 	508 	3 	12
10020400000000 10020500000152 	400000920 1141341994 73368 	399927552 73368 0 0 0 	2124713 73368 0 	505.992 	3 	12
10039600000000 10039700000152 	600001224 1712052742 108942 	599892282 108942 0 0 0 	3159299 108942 0 	505.326 	3 	12
10058800000000 10058900000152 	800001528 2282854745 143934 	799857594 143934 0 0 0 	4168830 143934 0 	504.994 	3 	12
10001300000000 10001400000308 	200000616 570691522 36909 	199963707 36909 0 0 0 	1067323 36909 0 	508 	3 	13
10020500000000 10020600000152 	400000920 1141401039 73193 	399927727 73193 0 0 0 	2115199 73193 0 	505.992 	3 	13
10039700000000 10039800000152 	600001224 1712177670 108928 	599892296 108928 0 0 0 	3146385 108928 0 	505.326 	3 	13
10058900000000 10059000000152 	800001528 2282918531 144460 	799857068 144460 0 0 0 	4174715 144460 0 	504.994 	3 	13
10001400000000 10001500000308 	200000616 570705379 37122 	199963494 37122 0 0 0 	1074280 37122 0 	508 	3 	14
10020600000000 10020700000152 	400000920 1141346682 73492 	399927428 73492 0 0 0 	2126492 73492 0 	505.992 	3 	14
10039800000000 10039900000152 	600001224 1712057021 109042 	599892182 109042 0 0 0 	3149906 109042 0 	505.326 	3 	14
10059000000000 10059100000152 	800001528 2282845854 144096 	799857432 144096 0 0 0 	4162623 144096 0 	504.994 	3 	14
10001500000000 10001600000308 	200000616 570684249 36740 	199963876 36740 0 0 0 	1059687 36740 0 	508 	3 	15
10020700000000 10020800000152 	400000920 1141425654 73095 	399927825 73095 0 0 0 	2110831 73095 0 	505.992 	3 	15
10039900000000 10040000000152 	600001224 1712234373 108724 	599892500 108724 0 0 0 	3144159 108724 0 	505.326 	3 	15
10059100000000 10059200000152 	800001528 2282923920 143869 	799857659 143869 0 0 0 	4154486 143869 0 	504.994 	3 	15
10001600000000 10001700000308 	200000616 570681558 36688 	199963928 36688 0 0 0 	1065047 36688 0 	508 	3 	16
10020800000000 10020900000152 	400000920 1141381637 72933 	399927987 72933 0 0 0 	2110885 72933 0 	505.992 	3 	16
10040000000000 10040100000152 	600001224 1712070358 108712 	599892512 108712 0 0 0 	3138111 108712 0 	505.326 	3 	16
10059200000000 10059300000152 	800001528 2282851523 143635 	799857893 143635 0 0 0 	4148385 143635 0 	504.994 	3 	16
10001700000000 10001800000308 	200000616 570618507 36391 	199964225 36391 0 0 0 	1051016 36391 0 	508 	3 	17
10020900000000 10021000000152 	400000920 1141322138 72419 	399928501 72419 0 0 0 	2085213 72419 0 	505.992 	3 	17
10040100000000 10040200000152 	600001224 1712024942 108180 	599893044 108180 0 0 0 	3104211 108180 0 	505.326 	3 	17
10059300000000 10059400000152 	800001528 2282830815 143227 	799858301 143227 0 0 0 	4116728 143227 0 	504.994 	3 	17
10001800000000 10001900000308 	200000616 570665783 36853 	199963763 36853 0 0 0 	1057808 36853 0 	508 	3 	18
10021000000000 10021100000152 	400000920 1141338297 72939 	399927981 72939 0 0 0 	2105192 72939 0 	505.992 	3 	18
10040200000000 10040300000152 	600001224 1712081383 108594 	599892630 108594 0 0 0 	3131423 108594 0 	505.326 	3 	18
10059400000000 10059500000152 	800001528 2282818196 143793 	799857735 143793 0 0 0 	4147505 143793 0 	504.994 	3 	18
10001900000000 10002000000308 	200000616 570653478 36467 	199964149 36467 0 0 0 	1053468 36467 0 	508 	3 	19
10021100000000 10021200000152 	400000920 1141324560 73058 	399927862 73058 0 0 0 	2101654 73058 0 	505.992 	3 	19
10040300000000 10040400000152 	600001224 1712100893 108948 	599892276 108948 0 0 0 	3138623 108948 0 	505.326 	3 	19
10059500000000 10059600000152 	800001528 2282869317 144078 	799857450 144078 0 0 0 	4154675 144078 0 	504.994 	3 	19
10002000000000 10002100000308 	200000616 570688339 36642 	199963974 36642 0 0 0 	1057081 36642 0 	508 	3 	20
10021200000000 10021300000152 	400000920 1141372193 72722 	399928198 72722 0 0 0 	2097256 72722 0 	505.992 	3 	20
10040400000000 10040500000152 	600001224 1712101074 108551 	599892673 108551 0 0 0 	3125453 108551 0 	505.326 	3 	20
10059600000000 10059700000152 	800001528 2282869758 143790 	799857738 143790 0 0 0 	4146206 143790 0 	504.994 	3 	20
10002100000000 10002200000308 	200000616 570684900 36965 	199963651 36965 0 0 0 	1062374 36965 0 	508 	3 	21
10021300000000 10021400000152 	400000920 1141374825 73139 	399927781 73139 0 0 0 	2111423 73139 0 	505.992 	3 	21
10040500000000 10040600000152 	600001224 1712077905 108553 	599892671 108553 0 0 0 	3127484 108553 0 	505.326 	3 	21
10059700000000 10059800000152 	800001528 2282838860 143339 	799858189 143339 0 0 0 	4139233 143339 0 	504.994 	3 	21
10002200000000 10002300000308 	200000616 570625445 36915 	199963701 36915 0 0 0 	1062825 36915 0 	508 	3 	22
10021400000000 10021500000152 	400000920 1141299359 73369 	399927551 73369 0 0 0 	2119002 73369 0 	505.992 	3 	22
10040600000000 10040700000152 	600001224 1712072110 109000 	599892224 109000 0 0 0 	3144329 109000 0 	505.326 	3 	22
10059800000000 10059900000152 	800001528 2282866434 143770 	799857758 143770 0 0 0 	4153570 143770 0 	504.994 	3 	22
10002300000000 10002400000308 	200000616 570648529 36912 	199963704 36912 0 0 0 	1066162 36912 0 	508 	3 	23
10021500000000 10021600000152 	400000920 1141307310 73139 	399927781 73139 0 0 0 	2111599 73139 0 	505.992 	3 	23
10040700000000 10040800000152 	600001224 1712006841 108783 	599892441 108783 0 0 0 	3148166 108783 0 	505.326 	3 	23
10059900000000 10060000000152 	800001528 2282755790 143906 	799857622 143906 0 0 0 	4155515 143906 0 	504.994 	3 	23
10002400000000 10002500000308 	200000616 570719138 36801 	199963815 36801 0 0 0 	1068711 36801 0 	508 	3 	24
10021600000000 10021700000152 	400000920 1141414584 73113 	399927807 73113 0 0 0 	2120800 73113 0 	505.992 	3 	24
10040800000000 10040900000152 	600001224 1712206461 108778 	599892446 108778 0 0 0 	3163237 108778 0 	505.326 	3 	24
10060000000000 10060100000152 	800001528 2282970446 143764 	799857764 143764 0 0 0 	4175169 143764 0 	504.994 	3 	24
10002500000000 10002600000308 	200000616 570673005 36584 	199964032 36584 0 0 0 	1052891 36584 0 	508 	3 	25
10021700000000 10021800000152 	400000920 1141403862 72792 	399928128 72792 0 0 0 	2104259 72792 0 	505.992 	3 	25
10040900000000 10041000000152 	600001224 1712101089 108231 	599892993 108231 0 0 0 	3125871 108231 0 	505.326 	3 	25
10060100000000 10060200000152 	800001528 2282843403 143039 	799858489 143039 0 0 0 	4137551 143039 0 	504.994 	3 	25
10002600000000 10002700000308 	200000616 570709576 36830 	199963786 36830 0 0 0 	1069920 36830 0 	508 	3 	26
10021800000000 10021900000152 	400000920 1141390705 73152 	399927768 73152 0 0 0 	2116537 73152 0 	505.992 	3 	26
10041000000000 10041100000152 	600001224 1712083037 108642 	599892582 108642 0 0 0 	3140842 108642 0 	505.326 	3 	26
10060200000000 10060300000152 	800001528 2282848802 143624 	799857904 143624 0 0 0 	4156583 143624 0 	504.994 	3 	26
10002700000000 10002800000308 	200000616 570709446 36736 	199963880 36736 0 0 0 	1068643 36736 0 	508 	3 	27
10021900000000 10022000000152 	400000920 1141417801 72768 	399928152 72768 0 0 0 	2116474 72768 0 	505.992 	3 	27
10041100000000 10041200000152 	600001224 1712125768 108004 	599893220 108004 0 0 0 	3132898 108004 0 	505.326 	3 	27
10060300000000 10060400000152 	800001528 2282902624 143186 	799858342 143186 0 0 0 	4151534 143186 0 	504.994 	3 	27
10002800000000 10002900000308 	200000616 570636711 36528 	199964088 36528 0 0 0 	1067453 36528 0 	508 	3 	28
10022000000000 10022100000152 	400000920 1141331953 72835 	399928085 72835 0 0 0 	2118600 72835 0 	505.992 	3 	28
10041200000000 10041300000152 	600001224 1712074999 108407 	599892817 108407 0 0 0 	3148496 108407 0 	505.326 	3 	28
10060400000000 10060500000152 	800001528 2282852296 143300 	799858228 143300 0 0 0 	4154652 143300 0 	504.994 	3 	28
10002900000000 10003000000308 	200000616 570693417 36707 	199963909 36707 0 0 0 	1064063 36707 0 	508 	3 	29
10022100000000 10022200000152 	400000920 1141371213 73054 	399927866 73054 0 0 0 	2111126 73054 0 	505.992 	3 	29
10041300000000 10041400000152 	600001224 1712092698 108636 	599892588 108636 0 0 0 	3138772 108636 0 	505.326 	3 	29
10060500000000 10060600000152 	800001528 2282816501 143809 	799857719 143809 0 0 0 	4159318 143809 0 	504.994 	3 	29
10003000000000 10003100000308 	200000616 570719892 36607 	199964009 36607 0 0 0 	1058525 36607 0 	508 	3 	30
10022200000000 10022300000152 	400000920 1141406123 72698 	399928222 72698 0 0 0 	2099376 72698 0 	505.992 	3 	30
10041400000000 10041500000152 	600001224 1712095198 108325 	599892899 108325 0 0 0 	3130452 108325 0 	505.326 	3 	30
10060600000000 10060700000152 	800001528 2282876627 143395 	799858133 143395 0 0 0 	4144838 143395 0 	504.994 	3 	30
10003100000000 10003200000308 	200000616 570693010 36642 	199963974 36642 0 0 0 	1054339 36642 0 	508 	3 	31
10022300000000 10022400000152 	400000920 1141408138 72759 	399928161 72759 0 0 0 	2096144 72759 0 	505.992 	3 	31
10041500000000 10041600000152 	600001224 1712175956 108450 	599892774 108450 0 0 0 	3130362 108450 0 	505.326 	3 	31
10060700000000 10060800000152 	800001528 2282974725 143624 	799857904 143624 0 0 0 	4153185 143624 0 	504.994 	3 	31
10003200000000 10003300000308 	200000616 570639537 36563 	199964053 36563 0 0 0 	1054081 36563 0 	508 	3 	32
10022400000000 10022500000152 	400000920 1141364850 72739 	399928181 72739 0 0 0 	2103365 72739 0 	505.992 	3 	32
10041600000000 10041700000152 	600001224 1712162548 108223 	599893001 108223 0 0 0 	3127015 108223 0 	505.326 	3 	32
10060800000000 10060900000152 	800001528 2282906107 142976 	799858552 142976 0 0 0 	4136119 142976 0 	504.994 	3 	32
10003300000000 10003400000308 	200000616 570688418 36577 	199964039 36577 0 0 0 	1061628 36577 0 	508 	3 	33
10022500000000 10022600000152 	400000920 1141381101 72682 	399928238 72682 0 0 0 	2109634 72682 0 	505.992 	3 	33
10041700000000 10041800000152 	600001224 1712110693 108232 	599892992 108232 0 0 0 	3146831 108232 0 	505.326 	3 	33
10060900000000 10061000000152 	800001528 2282915424 143388 	799858140 143388 0 0 0 	4168862 143388 0 	504.994 	3 	33
10003400000000 10003500000308 	200000616 570691871 37079 	199963537 37079 0 0 0 	1074239 37079 0 	508 	3 	34
10022600000000 10022700000152 	400000920 1141384109 73066 	399927854 73066 0 0 0 	2113670 73066 0 	505.992 	3 	34
10041800000000 10041900000152 	600001224 1712106091 108422 	599892802 108422 0 0 0 	3138701 108422 0 	505.326 	3 	34
10061000000000 10061100000152 	800001528 2282878613 143656 	799857872 143656 0 0 0 	4165141 143656 0 	504.994 	3 	34
10003500000000 10003600000308 	200000616 570637608 36634 	199963982 36634 0 0 0 	1060091 36634 0 	508 	3 	35
10022700000000 10022800000152 	400000920 1141382905 72991 	399927929 72991 0 0 0 	2108178 72991 0 	505.992 	3 	35
10041900000000 10042000000152 	600001224 1712100099 108432 	599892792 108432 0 0 0 	3131959 108432 0 	505.326 	3 	35
10061100000000 10061200000152 	800001528 2282847481 143427 	799858101 143427 0 0 0 	4154292 143427 0 	504.994 	3 	35
10003600000000 10003700000308 	200000616 570704822 36917 	199963699 36917 0 0 0 	1062827 36917 0 	508 	3 	36
10022800000000 10022900000152 	400000920 1141407220 72887 	399928033 72887 0 0 0 	2108077 72887 0 	505.992 	3 	36
10042000000000 10042100000152 	600001224 1712147970 108270 	599892954 108270 0 0 0 	3141251 108270 0 	505.326 	3 	36
10061200000000 10061300000152 	800001528 2282908842 142958 	799858570 142958 0 0 0 	4147707 142958 0 	504.994 	3 	36
10003700000000 10003800000308 	200000616 570670759 36517 	199964099 36517 0 0 0 	1067458 36517 0 	508 	3 	37
10022900000000 10023000000152 	400000920 1141407193 72663 	399928257 72663 0 0 0 	2119357 72663 0 	505.992 	3 	37
10042100000000 10042200000152 	600001224 1712163017 108461 	599892763 108461 0 0 0 	3154900 108461 0 	505.326 	3 	37
10061300000000 10061400000152 	800001528 2282927331 143541 	799857987 143541 0 0 0 	4172113 143541 0 	504.994 	3 	37
10003800000000 10003900000308 	200000616 570644150 36894 	199963722 36894 0 0 0 	1070422 36894 0 	508 	3 	38
10023000000000 10023100000152 	400000920 1141307794 72975 	399927945 72975 0 0 0 	2115789 72975 0 	505.992 	3 	38
10042200000000 10042300000152 	600001224 1712079759 108229 	599892995 108229 0 0 0 	3136759 108229 0 	505.326 	3 	38
10061400000000 10061500000152 	800001528 2282855970 143219 	799858309 143219 0 0 0 	4149407 143219 0 	504.994 	3 	38
10003900000000 10004000000308 	200000616 570642371 36732 	199963884 36732 0 0 0 	1073907 36732 0 	508 	3 	39
10023100000000 10023200000152 	400000920 1141364642 72998 	399927922 72998 0 0 0 	2128860 72998 0 	505.992 	3 	39
10042300000000 10042400000152 	600001224 1712118024 108791 	599892433 108791 0 0 0 	3164657 108791 0 	505.326 	3 	39
10061500000000 10061600000152 	800001528 2282863163 143520 	799858008 143520 0 0 0 	4166751 143520 0 	504.994 	3 	39
10004000000000 10004100000308 	200000616 570687505 37041 	199963575 37041 0 0 0 	1071606 37041 0 	508 	3 	40
10023200000000 10023300000152 	400000920 1141374861 73087 	399927833 73087 0 0 0 	2106781 73087 0 	505.992 	3 	40
10042400000000 10042500000152 	600001224 1712137906 108712 	599892512 108712 0 0 0 	3138135 108712 0 	505.326 	3 	40
10061600000000 10061700000152 	800001528 2282872388 143461 	799858067 143461 0 0 0 	4134257 143461 0 	504.994 	3 	40
10004100000000 10004200000308 	200000616 570668759 36785 	199963831 36785 0 0 0 	1064570 36785 0 	508 	3 	41
10023300000000 10023400000152 	400000920 1141387488 72636 	399928284 72636 0 0 0 	2097476 72636 0 	505.992 	3 	41
10042500000000 10042600000152 	600001224 1712105542 108224 	599893000 108224 0 0 0 	3130634 108224 0 	505.326 	3 	41
10061700000000 10061800000152 	800001528 2282842726 143324 	799858204 143324 0 0 0 	4142635 143324 0 	504.994 	3 	41
10004200000000 10004300000308 	200000616 570647548 37167 	199963449 37167 0 0 0 	1075766 37167 0 	508 	3 	42
10023400000000 10023500000152 	400000920 1141330145 73474 	399927446 73474 0 0 0 	2129260 73474 0 	505.992 	3 	42
10042600000000 10042700000152 	600001224 1712032567 109257 	599891967 109257 0 0 0 	3172858 109257 0 	505.326 	3 	42
10061800000000 10061900000152 	800001528 2282815867 144207 	799857321 144207 0 0 0 	4180320 144207 0 	504.994 	3 	42
10004300000000 10004400000308 	200000616 570649960 36948 	199963668 36948 0 0 0 	1070161 36948 0 	508 	3 	43
10023500000000 10023600000152 	400000920 1141370558 73373 	399927547 73373 0 0 0 	2119312 73373 0 	505.992 	3 	43
10042700000000 10042800000152 	600001224 1712093801 108970 	599892254 108970 0 0 0 	3146833 108970 0 	505.326 	3 	43
10061900000000 10062000000152 	800001528 2282846996 144038 	799857490 144038 0 0 0 	4166253 144038 0 	504.994 	3 	43
10004400000000 10004500000308 	200000616 570691188 36607 	199964009 36607 0 0 0 	1059488 36607 0 	508 	3 	44
10023600000000 10023700000152 	400000920 1141351913 72809 	399928111 72809 0 0 0 	2104948 72809 0 	505.992 	3 	44
10042800000000 10042900000152 	600001224 1712118782 108029 	599893195 108029 0 0 0 	3125032 108029 0 	505.326 	3 	44
10062000000000 10062100000152 	800001528 2282874178 143087 	799858441 143087 0 0 0 	4136144 143087 0 	504.994 	3 	44
10004500000000 10004600000308 	200000616 570668869 36774 	199963842 36774 0 0 0 	1060339 36774 0 	508 	3 	45
10023700000000 10023800000152 	400000920 1141426008 72617 	399928303 72617 0 0 0 	2099753 72617 0 	505.992 	3 	45
10042900000000 10043000000152 	600001224 1712182358 108188 	599893036 108188 0 0 0 	3130560 108188 0 	505.326 	3 	45
10062100000000 10062200000152 	800001528 2282969352 143254 	799858274 143254 0 0 0 	4148487 143254 0 	504.994 	3 	45
10004600000000 10004700000308 	200000616 570660490 36805 	199963811 36805 0 0 0 	1062193 36805 0 	508 	3 	46
10023800000000 10023900000152 	400000920 1141374073 73139 	399927781 73139 0 0 0 	2112494 73139 0 	505.992 	3 	46
10043000000000 10043100000152 	600001224 1712073714 108510 	599892714 108510 0 0 0 	3131634 108510 0 	505.326 	3 	46
10062200000000 10062300000152 	800001528 2282857177 143556 	799857972 143556 0 0 0 	4143292 143556 0 	504.994 	3 	46
10004700000000 10004800000308 	200000616 570759066 36878 	199963738 36878 0 0 0 	1079059 36878 0 	508 	3 	47
10023900000000 10024000000152 	400000920 1141499920 72925 	399927995 72925 0 0 0 	2126454 72925 0 	505.992 	3 	47
10043100000000 10043200000152 	600001224 1712202214 108521 	599892703 108521 0 0 0 	3148667 108521 0 	505.326 	3 	47
10062300000000 10062400000152 	800001528 2282974580 143757 	799857771 143757 0 0 0 	4156299 143757 0 	504.994 	3 	47
10004800000000 10004900000308 	200000616 570655809 36659 	199963957 36659 0 0 0 	1058742 36659 0 	508 	3 	48
10024000000000 10024100000152 	400000920 1141348123 72926 	399927994 72926 0 0 0 	2118286 72926 0 	505.992 	3 	48
10043200000000 10043300000152 	600001224 1712139561 108734 	599892490 108734 0 0 0 	3150289 108734 0 	505.326 	3 	48
10062400000000 10062500000152 	800001528 2282902182 143684 	799857844 143684 0 0 0 	4164813 143684 0 	504.994 	3 	48
10004900000000 10005000000308 	200000616 570647281 36695 	199963921 36695 0 0 0 	1066176 36695 0 	508 	3 	49
10024100000000 10024200000152 	400000920 1141329718 72662 	399928258 72662 0 0 0 	2112361 72662 0 	505.992 	3 	49
10043300000000 10043400000152 	600001224 1712070587 108174 	599893050 108174 0 0 0 	3128535 108174 0 	505.326 	3 	49
10062500000000 10062600000152 	800001528 2282846733 143224 	799858304 143224 0 0 0 	4143967 143224 0 	504.994 	3 	49
10005000000000 10005100000308 	200000616 570742457 36744 	199963872 36744 0 0 0 	1065641 36744 0 	508 	3 	50
10024200000000 10024300000152 	400000920 1141430727 73040 	399927880 73040 0 0 0 	2126324 73040 0 	505.992 	3 	50
10043400000000 10043500000152 	600001224 1712174246 108476 	599892748 108476 0 0 0 	3149304 108476 0 	505.326 	3 	50
10062600000000 10062700000152 	800001528 2282971811 143334 	799858194 143334 0 0 0 	4163750 143334 0 	504.994 	3 	50
10005100000000 10005200000308 	200000616 570691100 36884 	199963732 36884 0 0 0 	1057266 36884 0 	508 	3 	51
10024300000000 10024400000152 	400000920 1141388550 73037 	399927883 73037 0 0 0 	2106991 73037 0 	505.992 	3 	51
10043500000000 10043600000152 	600001224 1712083281 108732 	599892492 108732 0 0 0 	3143975 108732 0 	505.326 	3 	51
10062700000000 10062800000152 	800001528 2282835899 144205 	799857323 144205 0 0 0 	4165131 144205 0 	504.994 	3 	51
10005200000000 10005300000308 	200000616 570676553 36927 	199963689 36927 0 0 0 	1066011 36927 0 	508 	3 	52
10024400000000 10024500000152 	400000920 1141363068 72935 	399927985 72935 0 0 0 	2105339 72935 0 	505.992 	3 	52
10043600000000 10043700000152 	600001224 1712156340 108625 	599892599 108625 0 0 0 	3138381 108625 0 	505.326 	3 	52
10062800000000 10062900000152 	800001528 2282909217 143767 	799857761 143767 0 0 0 	4157838 143767 0 	504.994 	3 	52
10005300000000 10005400000308 	200000616 570681434 36641 	199963975 36641 0 0 0 	1051809 36641 0 	508 	3 	53
10024500000000 10024600000152 	400000920 1141369332 72773 	399928147 72773 0 0 0 	2099081 72773 0 	505.992 	3 	53
10043700000000 10043800000152 	600001224 1712047931 108118 	599893106 108118 0 0 0 	3121466 108118 0 	505.326 	3 	53
10062900000000 10063000000152 	800001528 2282795114 143174 	799858354 143174 0 0 0 	4135325 143174 0 	504.994 	3 	53
10005400000000 10005500000308 	200000616 570669928 36682 	199963934 36682 0 0 0 	1047645 36682 0 	508 	3 	54
10024600000000 10024700000152 	400000920 1141413653 72759 	399928161 72759 0 0 0 	2098171 72759 0 	505.992 	3 	54
10043800000000 10043900000152 	600001224 1712121125 108600 	599892624 108600 0 0 0 	3139394 108600 0 	505.326 	3 	54
10063000000000 10063100000152 	800001528 2282910388 143608 	799857920 143608 0 0 0 	4153116 143608 0 	504.994 	3 	54
10005500000000 10005600000308 	200000616 570706333 36892 	199963724 36892 0 0 0 	1059595 36892 0 	508 	3 	55
10024700000000 10024800000152 	400000920 1141462797 72876 	399928044 72876 0 0 0 	2093082 72876 0 	505.992 	3 	55
10043900000000 10044000000152 	600001224 1712220718 108744 	599892480 108744 0 0 0 	3123767 108744 0 	505.326 	3 	55
10063100000000 10063200000152 	800001528 2282977879 143821 	799857707 143821 0 0 0 	4136165 143821 0 	504.994 	3 	55
10005600000000 10005700000308 	200000616 570632247 36602 	199964014 36602 0 0 0 	1051134 36602 0 	508 	3 	56
10024800000000 10024900000152 	400000920 1141256610 72879 	399928041 72879 0 0 0 	2098479 72879 0 	505.992 	3 	56
10044000000000 10044100000152 	600001224 1711962533 108292 	599892932 108292 0 0 0 	3117395 108292 0 	505.326 	3 	56
10063200000000 10063300000152 	800001528 2282743925 143221 	799858307 143221 0 0 0 	4129545 143221 0 	504.994 	3 	56
10005700000000 10005800000308 	200000616 570720408 36486 	199964130 36486 0 0 0 	1054568 36486 0 	508 	3 	57
10024900000000 10025000000152 	400000920 1141439682 72688 	399928232 72688 0 0 0 	2099022 72688 0 	505.992 	3 	57
10044100000000 10044200000152 	600001224 1712173336 108382 	599892842 108382 0 0 0 	3126246 108382 0 	505.326 	3 	57
10063300000000 10063400000152 	800001528 2283001547 143494 	799858034 143494 0 0 0 	4139537 143494 0 	504.994 	3 	57
10005800000000 10005900000308 	200000616 570624811 36394 	199964222 36394 0 0 0 	1053012 36394 0 	508 	3 	58
10025000000000 10025100000152 	400000920 1141283224 72360 	399928560 72360 0 0 0 	2094243 72360 0 	505.992 	3 	58
10044200000000 10044300000152 	600001224 1712007326 107435 	599893789 107435 0 0 0 	3105692 107435 0 	505.326 	3 	58
10063400000000 10063500000152 	800001528 2282827684 142447 	799859081 142447 0 0 0 	4121806 142447 0 	504.994 	3 	58
10005900000000 10006000000308 	200000616 570653831 36496 	199964120 36496 0 0 0 	1052823 36496 0 	508 	3 	59
10025100000000 10025200000152 	400000920 1141326517 72687 	399928233 72687 0 0 0 	2104660 72687 0 	505.992 	3 	59
10044300000000 10044400000152 	600001224 1712000306 108047 	599893177 108047 0 0 0 	3124779 108047 0 	505.326 	3 	59
10063500000000 10063600000152 	800001528 2282793892 142849 	799858679 142849 0 0 0 	4129998 142849 0 	504.994 	3 	59
10006000000000 10006100000308 	200000616 570669289 36597 	199964019 36597 0 0 0 	1060533 36597 0 	508 	3 	60
10025200000000 10025300000152 	400000920 1141473943 73176 	399927744 73176 0 0 0 	2118946 73176 0 	505.992 	3 	60
10044400000000 10044500000152 	600001224 1712211446 108757 	599892467 108757 0 0 0 	3147290 108757 0 	505.326 	3 	60
10063600000000 10063700000152 	800001528 2282977203 143896 	799857632 143896 0 0 0 	4164906 143896 0 	504.994 	3 	60
10006100000000 10006200000308 	200000616 570694498 36943 	199963673 36943 0 0 0 	1072606 36943 0 	508 	3 	61
10025300000000 10025400000152 	400000920 1141437645 73115 	399927805 73115 0 0 0 	2119786 73115 0 	505.992 	3 	61
10044500000000 10044600000152 	600001224 1712178082 108418 	599892806 108418 0 0 0 	3148121 108418 0 	505.326 	3 	61
10063700000000 10063800000152 	800001528 2282928088 143733 	799857795 143733 0 0 0 	4174228 143733 0 	504.994 	3 	61
10006200000000 10006300000308 	200000616 570697886 36796 	199963820 36796 0 0 0 	1063413 36796 0 	508 	3 	62
10025400000000 10025500000152 	400000920 1141423293 72790 	399928130 72790 0 0 0 	2108267 72790 0 	505.992 	3 	62
10044600000000 10044700000152 	600001224 1712169664 108322 	599892902 108322 0 0 0 	3133494 108322 0 	505.326 	3 	62
10063800000000 10063900000152 	800001528 2282894130 143225 	799858303 143225 0 0 0 	4144373 143225 0 	504.994 	3 	62
10006300000000 10006400000308 	200000616 570677577 36897 	199963719 36897 0 0 0 	1070866 36897 0 	508 	3 	63
10025500000000 10025600000152 	400000920 1141401301 73117 	399927803 73117 0 0 0 	2119654 73117 0 	505.992 	3 	63
10044700000000 10044800000152 	600001224 1712175308 108954 	599892270 108954 0 0 0 	3154282 108954 0 	505.326 	3 	63
10063900000000 10064000000152 	800001528 2282940803 143905 	799857623 143905 0 0 0 	4164145 143905 0 	504.994 	3 	63
10006400000000 10006500000308 	200000616 570641456 36394 	199964222 36394 0 0 0 	1054130 36394 0 	508 	3 	64
10025600000000 10025700000152 	400000920 1141274226 72412 	399928508 72412 0 0 0 	2088763 72412 0 	505.992 	3 	64
10044800000000 10044900000152 	600001224 1712036890 107501 	599893723 107501 0 0 0 	3103976 107501 0 	505.326 	3 	64
10064000000000 10064100000152 	800001528 2282795037 142760 	799858768 142760 0 0 0 	4126971 142760 0 	504.994 	3 	64
10006500000000 10006600000308 	200000616 570702436 36337 	199964279 36337 0 0 0 	1052434 36337 0 	508 	3 	65
10025700000000 10025800000152 	400000920 1141397457 72044 	399928876 72044 0 0 0 	2084914 72044 0 	505.992 	3 	65
10044900000000 10045000000152 	600001224 1712136381 107650 	599893574 107650 0 0 0 	3116324 107650 0 	505.326 	3 	65
10064100000000 10064200000152 	800001528 2282864972 142599 	799858929 142599 0 0 0 	4120488 142599 0 	504.994 	3 	65
10006600000000 10006700000308 	200000616 570715160 36508 	199964108 36508 0 0 0 	1050944 36508 0 	508 	3 	66
10025800000000 10025900000152 	400000920 1141443271 72613 	399928307 72613 0 0 0 	2092267 72613 0 	505.992 	3 	66
10045000000000 10045100000152 	600001224 1712141087 108050 	599893174 108050 0 0 0 	3117371 108050 0 	505.326 	3 	66
10064200000000 10064300000152 	800001528 2282934044 142653 	799858875 142653 0 0 0 	4115771 142653 0 	504.994 	3 	66
10006700000000 10006800000308 	200000616 570712540 36996 	199963620 36996 0 0 0 	1080860 36996 0 	508 	3 	67
10025900000000 10026000000152 	400000920 1141442017 73202 	399927718 73202 0 0 0 	2126625 73202 0 	505.992 	3 	67
10045100000000 10045200000152 	600001224 1712141732 108598 	599892626 108598 0 0 0 	3152593 108598 0 	505.326 	3 	67
10064300000000 10064400000152 	800001528 2282899903 143331 	799858197 143331 0 0 0 	4161218 143331 0 	504.994 	3 	67
10006800000000 10006900000308 	200000616 570762365 36845 	199963771 36845 0 0 0 	1061099 36845 0 	508 	3 	68
10026000000000 10026100000152 	400000920 1141482714 72758 	399928162 72758 0 0 0 	2101005 72758 0 	505.992 	3 	68
10045200000000 10045300000152 	600001224 1712249611 108132 	599893092 108132 0 0 0 	3120974 108132 0 	505.326 	3 	68
10064400000000 10064500000152 	800001528 2283042475 143119 	799858409 143119 0 0 0 	4142817 143119 0 	504.994 	3 	68
10006900000000 10007000000308 	200000616 570693099 36463 	199964153 36463 0 0 0 	1064111 36463 0 	508 	3 	69
10026100000000 10026200000152 	400000920 1141376308 72550 	399928370 72550 0 0 0 	2097638 72550 0 	505.992 	3 	69
10045300000000 10045400000152 	600001224 1712082990 108135 	599893089 108135 0 0 0 	3114919 108135 0 	505.326 	3 	69
10064500000000 10064600000152 	800001528 2282847137 143026 	799858502 143026 0 0 0 	4114632 143026 0 	504.994 	3 	69
10007000000000 10007100000308 	200000616 570711995 36900 	199963716 36900 0 0 0 	1075693 36900 0 	508 	3 	70
10026200000000 10026300000152 	400000920 1141461211 73226 	399927694 73226 0 0 0 	2125246 73226 0 	505.992 	3 	70
10045400000000 10045500000152 	600001224 1712242516 108803 	599892421 108803 0 0 0 	3155125 108803 0 	505.326 	3 	70
10064600000000 10064700000152 	800001528 2282970377 143598 	799857930 143598 0 0 0 	4166221 143598 0 	504.994 	3 	70
10007100000000 10007200000308 	200000616 570648679 36602 	199964014 36602 0 0 0 	1065575 36602 0 	508 	3 	71
10026300000000 10026400000152 	400000920 1141381858 73109 	399927811 73109 0 0 0 	2122927 73109 0 	505.992 	3 	71
10045500000000 10045600000152 	600001224 1712121672 108323 	599892901 108323 0 0 0 	3143131 108323 0 	505.326 	3 	71
10064700000000 10064800000152 	800001528 2282905005 143096 	799858432 143096 0 0 0 	4150190 143096 0 	504.994 	3 	71
10007200000000 10007300000308 	200000616 570685934 36619 	199963997 36619 0 0 0 	1063055 36619 0 	508 	3 	72
10026400000000 10026500000152 	400000920 1141364425 72684 	399928236 72684 0 0 0 	2104164 72684 0 	505.992 	3 	72
10045600000000 10045700000152 	600001224 1712100273 108287 	599892937 108287 0 0 0 	3130277 108287 0 	505.326 	3 	72
10064800000000 10064900000152 	800001528 2282826244 143442 	799858086 143442 0 0 0 	4148210 143442 0 	504.994 	3 	72
10007300000000 10007400000308 	200000616 570709714 36601 	199964015 36601 0 0 0 	1063236 36601 0 	508 	3 	73
10026500000000 10026600000152 	400000920 1141496569 72853 	399928067 72853 0 0 0 	2110205 72853 0 	505.992 	3 	73
10045700000000 10045800000152 	600001224 1712222469 108621 	599892603 108621 0 0 0 	3149524 108621 0 	505.326 	3 	73
10064900000000 10065000000152 	800001528 2282962903 143373 	799858155 143373 0 0 0 	4149747 143373 0 	504.994 	3 	73
10007400000000 10007500000308 	200000616 570627495 36750 	199963866 36750 0 0 0 	1062714 36750 0 	508 	3 	74
10026600000000 10026700000152 	400000920 1141327397 72487 	399928433 72487 0 0 0 	2094374 72487 0 	505.992 	3 	74
10045800000000 10045900000152 	600001224 1712083053 108117 	599893107 108117 0 0 0 	3125785 108117 0 	505.326 	3 	74
10065000000000 10065100000152 	800001528 2282870810 142972 	799858556 142972 0 0 0 	4138970 142972 0 	504.994 	3 	74
10007500000000 10007600000308 	200000616 570626951 36570 	199964046 36570 0 0 0 	1056406 36570 0 	508 	3 	75
10026700000000 10026800000152 	400000920 1141328586 72495 	399928425 72495 0 0 0 	2099337 72495 0 	505.992 	3 	75
10045900000000 10046000000152 	600001224 1712086483 107960 	599893264 107960 0 0 0 	3119529 107960 0 	505.326 	3 	75
10065100000000 10065200000152 	800001528 2282870606 142782 	799858746 142782 0 0 0 	4131666 142782 0 	504.994 	3 	75
10007600000000 10007700000308 	200000616 570694125 36915 	199963701 36915 0 0 0 	1070130 36915 0 	508 	3 	76
10026800000000 10026900000152 	400000920 1141406198 72744 	399928176 72744 0 0 0 	2110608 72744 0 	505.992 	3 	76
10046000000000 10046100000152 	600001224 1712125924 108215 	599893009 108215 0 0 0 	3142937 108215 0 	505.326 	3 	76
10065200000000 10065300000152 	800001528 2282874133 142952 	799858576 142952 0 0 0 	4154009 142952 0 	504.994 	3 	76
10007700000000 10007800000308 	200000616 570691845 36517 	199964099 36517 0 0 0 	1056427 36517 0 	508 	3 	77
10026900000000 10027000000152 	400000920 1141396905 72678 	399928242 72678 0 0 0 	2105593 72678 0 	505.992 	3 	77
10046100000000 10046200000152 	600001224 1712199343 108221 	599893003 108221 0 0 0 	3138410 108221 0 	505.326 	3 	77
10065300000000 10065400000152 	800001528 2282938407 143018 	799858510 143018 0 0 0 	4143125 143018 0 	504.994 	3 	77
10007800000000 10007900000308 	200000616 570635784 36378 	199964238 36378 0 0 0 	1054153 36378 0 	508 	3 	78
10027000000000 10027100000152 	400000920 1141388144 72543 	399928377 72543 0 0 0 	2102661 72543 0 	505.992 	3 	78
10046200000000 10046300000152 	600001224 1712160716 107939 	599893285 107939 0 0 0 	3128170 107939 0 	505.326 	3 	78
10065400000000 10065500000152 	800001528 2282939037 142846 	799858682 142846 0 0 0 	4135405 142846 0 	504.994 	3 	78
10007900000000 10008000000168 	200000336 570658204 36707 	199963629 36707 0 0 0 	1065036 36707 0 	505.529 	3 	79
10027100000000 10027200000152 	400000640 1141412443 72579 	399928061 72579 0 0 0 	2099449 72579 0 	504.763 	3 	79
10046300000000 10046400000152 	600000944 1712135113 108051 	599892893 108051 0 0 0 	3130558 108051 0 	504.509 	3 	79
10065500000000 10065600000152 	800001248 2282911523 143140 	799858108 143140 0 0 0 	4146626 143140 0 	504.381 	3 	79
10008000000000 10008100000152 	200000304 570682346 36531 	199963773 36531 0 0 0 	1065260 36531 0 	504 	3 	80
10027200000000 10027300000152 	400000608 1141412825 72661 	399927947 72661 0 0 0 	2107633 72661 0 	504 	3 	80
10046400000000 10046500000152 	600000912 1712088654 108063 	599892849 108063 0 0 0 	3133210 108063 0 	504 	3 	80
10065600000000 10065700000152 	800001216 2282853412 142732 	799858484 142732 0 0 0 	4136908 142732 0 	504 	3 	80
10008100000000 10008200000152 	200000304 570701581 36693 	199963611 36693 0 0 0 	1057389 36693 0 	504 	3 	81
10027300000000 10027400000152 	400000608 1141373624 72503 	399928105 72503 0 0 0 	2087459 72503 0 	504 	3 	81
10046500000000 10046600000152 	600000912 1712105981 107984 	599892928 107984 0 0 0 	3103428 107984 0 	504 	3 	81
10065700000000 10065800000152 	800001216 2282938886 142650 	799858566 142650 0 0 0 	4108549 142650 0 	504 	3 	81
10008200000000 10008300000152 	200000304 570673633 36753 	199963551 36753 0 0 0 	1058398 36753 0 	504 	3 	82
10027400000000 10027500000152 	400000608 1141420641 72770 	399927838 72770 0 0 0 	2103908 72770 0 	504 	3 	82
10046600000000 10046700000152 	600000912 1712151029 108395 	599892517 108395 0 0 0 	3131077 108395 0 	504 	3 	82
10065800000000 10065900000152 	800001216 2282910454 143031 	799858185 143031 0 0 0 	4141878 143031 0 	504 	3 	82
10008300000000 10008400000152 	200000304 570635520 36610 	199963694 36610 0 0 0 	1058512 36610 0 	504 	3 	83
10027500000000 10027600000152 	400000608 1141370716 72744 	399927864 72744 0 0 0 	2099900 72744 0 	504 	3 	83
10046700000000 10046800000152 	600000912 1712107854 108281 	599892631 108281 0 0 0 	3137132 108281 0 	504 	3 	83
10065900000000 10066000000152 	800001216 2282875756 143309 	799857907 143309 0 0 0 	4147917 143309 0 	504 	3 	83
10008400000000 10008500000152 	200000304 570698034 36828 	199963476 36828 0 0 0 	1083987 36828 0 	504 	3 	84
10027600000000 10027700000152 	400000608 1141430252 73195 	399927413 73195 0 0 0 	2139501 73195 0 	504 	3 	84
10046800000000 10046900000152 	600000912 1712204681 108433 	599892479 108433 0 0 0 	3158830 108433 0 	504 	3 	84
10066000000000 10066100000152 	800001216 2282961797 143414 	799857802 143414 0 0 0 	4176796 143414 0 	504 	3 	84
10008500000000 10008600000152 	200000304 570652408 36728 	199963576 36728 0 0 0 	1065732 36728 0 	504 	3 	85
10027700000000 10027800000152 	400000608 1141368974 72678 	399927930 72678 0 0 0 	2087301 72678 0 	504 	3 	85
10046900000000 10047000000152 	600000912 1712081273 107822 	599893090 107822 0 0 0 	3096724 107822 0 	504 	3 	85
10066100000000 10066200000152 	800001216 2282854334 142527 	799858689 142527 0 0 0 	4103089 142527 0 	504 	3 	85
10008600000000 10008700000152 	200000304 570678160 36700 	199963604 36700 0 0 0 	1062743 36700 0 	504 	3 	86
10027800000000 10027900000152 	400000608 1141438647 72495 	399928113 72495 0 0 0 	2107322 72495 0 	504 	3 	86
10047000000000 10047100000152 	600000912 1712217155 108149 	599892763 108149 0 0 0 	3149166 108149 0 	504 	3 	86
10066200000000 10066300000152 	800001216 2282999222 143052 	799858164 143052 0 0 0 	4167177 143052 0 	504 	3 	86
10008700000000 10008800000152 	200000304 570711706 36446 	199963858 36446 0 0 0 	1055125 36446 0 	504 	3 	87
10027900000000 10028000000152 	400000608 1141408735 72554 	399928054 72554 0 0 0 	2089016 72554 0 	504 	3 	87
10047100000000 10047200000152 	600000912 1712212132 108086 	599892826 108086 0 0 0 	3103302 108086 0 	504 	3 	87
10066300000000 10066400000152 	800001216 2282990048 143084 	799858132 143084 0 0 0 	4119183 143084 0 	504 	3 	87
10008800000000 10008900000152 	200000304 570773863 36709 	199963595 36709 0 0 0 	1056588 36709 0 	504 	3 	88
10028000000000 10028100000152 	400000608 1141506177 72455 	399928153 72455 0 0 0 	2106172 72455 0 	504 	3 	88
10047200000000 10047300000152 	600000912 1712232919 107965 	599892947 107965 0 0 0 	3132400 107965 0 	504 	3 	88
10066400000000 10066500000152 	800001216 2283046481 142934 	799858282 142934 0 0 0 	4141244 142934 0 	504 	3 	88
10008900000000 10009000000152 	200000304 570670435 36576 	199963728 36576 0 0 0 	1046617 36576 0 	504 	3 	89
10028100000000 10028200000152 	400000608 1141376987 72665 	399927943 72665 0 0 0 	2085405 72665 0 	504 	3 	89
10047300000000 10047400000152 	600000912 1712114024 108022 	599892890 108022 0 0 0 	3107271 108022 0 	504 	3 	89
10066500000000 10066600000152 	800001216 2282858205 142935 	799858281 142935 0 0 0 	4112062 142935 0 	504 	3 	89
10009000000000 10009100000152 	200000304 570708087 36263 	199964041 36263 0 0 0 	1046582 36263 0 	504 	3 	90
10028200000000 10028300000152 	400000608 1141399216 72518 	399928090 72518 0 0 0 	2088426 72518 0 	504 	3 	90
10047400000000 10047500000152 	600000912 1712167037 107991 	599892921 107991 0 0 0 	3114662 107991 0 	504 	3 	90
10066600000000 10066700000152 	800001216 2282906971 143063 	799858153 143063 0 0 0 	4122476 143063 0 	504 	3 	90
10009100000000 10009200000152 	200000304 570667200 36809 	199963495 36809 0 0 0 	1069041 36809 0 	504 	3 	91
10028300000000 10028400000152 	400000608 1141406822 72705 	399927903 72705 0 0 0 	2116118 72705 0 	504 	3 	91
10047500000000 10047600000152 	600000912 1712162845 107825 	599893087 107825 0 0 0 	3133088 107825 0 	504 	3 	91
10066700000000 10066800000152 	800001216 2283014591 142726 	799858490 142726 0 0 0 	4146639 142726 0 	504 	3 	91
10009200000000 10009300000152 	200000304 570651662 36716 	199963588 36716 0 0 0 	1064987 36716 0 	504 	3 	92
10028400000000 10028500000152 	400000608 1141370241 72640 	399927968 72640 0 0 0 	2104631 72640 0 	504 	3 	92
10047600000000 10047700000152 	600000912 1712120802 107908 	599893004 107908 0 0 0 	3122923 107908 0 	504 	3 	92
10066800000000 10066900000152 	800001216 2282870051 142924 	799858292 142924 0 0 0 	4135315 142924 0 	504 	3 	92
10009300000000 10009400000152 	200000304 570699188 36469 	199963835 36469 0 0 0 	1057820 36469 0 	504 	3 	93
10028500000000 10028600000152 	400000608 1141358300 72399 	399928209 72399 0 0 0 	2106534 72399 0 	504 	3 	93
10047700000000 10047800000152 	600000912 1712106803 108093 	599892819 108093 0 0 0 	3139695 108093 0 	504 	3 	93
10066900000000 10067000000152 	800001216 2282867435 143115 	799858101 143115 0 0 0 	4150266 143115 0 	504 	3 	93
10009400000000 10009500000152 	200000304 570664086 36625 	199963679 36625 0 0 0 	1059192 36625 0 	504 	3 	94
10028600000000 10028700000152 	400000608 1141357165 72596 	399928012 72596 0 0 0 	2098381 72596 0 	504 	3 	94
10047800000000 10047900000152 	600000912 1712049236 107925 	599892987 107925 0 0 0 	3126053 107925 0 	504 	3 	94
10067000000000 10067100000152 	800001216 2282774692 142851 	799858365 142851 0 0 0 	4134852 142851 0 	504 	3 	94
10009500000000 10009600000152 	200000304 570770128 36796 	199963508 36796 0 0 0 	1066109 36796 0 	504 	3 	95
10028700000000 10028800000152 	400000608 1141439461 72713 	399927895 72713 0 0 0 	2098003 72713 0 	504 	3 	95
10047900000000 10048000000152 	600000912 1712146490 107754 	599893158 107754 0 0 0 	3107379 107754 0 	504 	3 	95
10067100000000 10067200000152 	800001216 2282890885 142373 	799858843 142373 0 0 0 	4112072 142373 0 	504 	3 	95
10009600000000 10009700000152 	200000304 570718316 36851 	199963453 36851 0 0 0 	1060794 36851 0 	504 	3 	96
10028800000000 10028900000152 	400000608 1141482835 72986 	399927622 72986 0 0 0 	2102012 72986 0 	504 	3 	96
10048000000000 10048100000152 	600000912 1712211607 108511 	599892401 108511 0 0 0 	3127034 108511 0 	504 	3 	96
10067200000000 10067300000152 	800001216 2282999345 143503 	799857713 143503 0 0 0 	4140726 143503 0 	504 	3 	96
10009700000000 10009800000152 	200000304 570696244 36357 	199963947 36357 0 0 0 	1049611 36357 0 	504 	3 	97
10028900000000 10029000000152 	400000608 1141426268 72405 	399928203 72405 0 0 0 	2097916 72405 0 	504 	3 	97
10048100000000 10048200000152 	600000912 1712172954 107825 	599893087 107825 0 0 0 	3120094 107825 0 	504 	3 	97
10067300000000 10067400000152 	800001216 2282993804 142711 	799858505 142711 0 0 0 	4127716 142711 0 	504 	3 	97
10009800000000 10009900000152 	200000304 570701324 36426 	199963878 36426 0 0 0 	1047720 36426 0 	504 	3 	98
10029000000000 10029100000152 	400000608 1141460359 72561 	399928047 72561 0 0 0 	2095982 72561 0 	504 	3 	98
10048200000000 10048300000152 	600000912 1712237495 108112 	599892800 108112 0 0 0 	3132660 108112 0 	504 	3 	98
10067400000000 10067500000152 	800001216 2283034323 142837 	799858379 142837 0 0 0 	4142001 142837 0 	504 	3 	98
10009900000000 10010000000152 	200000304 570683236 36441 	199963863 36441 0 0 0 	1054090 36441 0 	504 	3 	99
10029100000000 10029200000152 	400000608 1141418259 72516 	399928092 72516 0 0 0 	2098020 72516 0 	504 	3 	99
10048300000000 10048400000152 	600000912 1712162378 107710 	599893202 107710 0 0 0 	3121579 107710 0 	504 	3 	99
10067500000000 10067600000152 	800001216 2282969679 142304 	799858912 142304 0 0 0 	4125879 142304 0 	504 	3 	99
10010000000000 10010100000152 	200000304 570676149 36817 	199963487 36817 0 0 0 	1067059 36817 0 	504 	3 	100
10029200000000 10029300000152 	400000608 1141386174 72774 	399927834 72774 0 0 0 	2106442 72774 0 	504 	3 	100
10048400000000 10048500000152 	600000912 1712156155 107958 	599892954 107958 0 0 0 	3116286 107958 0 	504 	3 	100
10067600000000 10067700000152 	800001216 2282941351 142723 	799858493 142723 0 0 0 	4126540 142723 0 	504 	3 	100
10010100000000 10010200000152 	200000304 570688321 36273 	199964031 36273 0 0 0 	1048408 36273 0 	504 	3 	101
10029300000000 10029400000152 	400000608 1141373565 71988 	399928620 71988 0 0 0 	2084065 71988 0 	504 	3 	101
10048500000000 10048600000152 	600000912 1712055426 107283 	599893629 107283 0 0 0 	3104221 107283 0 	504 	3 	101
10067700000000 10067800000152 	800001216 2282807513 141908 	799859308 141908 0 0 0 	4095608 141908 0 	504 	3 	101
10010200000000 10010300000152 	200000304 570630243 36399 	199963905 36399 0 0 0 	1050073 36399 0 	504 	3 	102
10029400000000 10029500000152 	400000608 1141344969 72193 	399928415 72193 0 0 0 	2088317 72193 0 	504 	3 	102
10048600000000 10048700000152 	600000912 1712054175 107517 	599893395 107517 0 0 0 	3109711 107517 0 	504 	3 	102
10067800000000 10067900000152 	800001216 2282864938 142505 	799858711 142505 0 0 0 	4124777 142505 0 	504 	3 	102
10010300000000 10010400000152 	200000304 570662251 36772 	199963532 36772 0 0 0 	1071926 36772 0 	504 	3 	103
10029500000000 10029600000152 	400000608 1141420706 73075 	399927533 73075 0 0 0 	2128874 73075 0 	504 	3 	103
10048700000000 10048800000152 	600000912 1712226789 108850 	599892062 108850 0 0 0 	3161869 108850 0 	504 	3 	103
10067900000000 10068000000152 	800001216 2283007646 143871 	799857345 143871 0 0 0 	4183674 143871 0 	504 	3 	103
10010400000000 10010500000152 	200000304 570676405 36495 	199963809 36495 0 0 0 	1050995 36495 0 	504 	3 	104
10029600000000 10029700000152 	400000608 1141390409 72586 	399928022 72586 0 0 0 	2098241 72586 0 	504 	3 	104
10048800000000 10048900000152 	600000912 1712195847 108180 	599892732 108180 0 0 0 	3130212 108180 0 	504 	3 	104
10068000000000 10068100000152 	800001216 2282996802 143066 	799858150 143066 0 0 0 	4133440 143066 0 	504 	3 	104
10010500000000 10010600000152 	200000304 570685586 36206 	199964098 36206 0 0 0 	1040910 36206 0 	504 	3 	105
10029700000000 10029800000152 	400000608 1141405354 71836 	399928772 71836 0 0 0 	2070373 71836 0 	504 	3 	105
10048900000000 10049000000152 	600000912 1712194737 106936 	599893976 106936 0 0 0 	3083827 106936 0 	504 	3 	105
10068100000000 10068200000152 	800001216 2282948525 141534 	799859682 141534 0 0 0 	4090758 141534 0 	504 	3 	105
10010600000000 10010700000152 	200000304 570647431 36684 	199963620 36684 0 0 0 	1069894 36684 0 	504 	3 	106
10029800000000 10029900000152 	400000608 1141312628 72544 	399928064 72544 0 0 0 	2104745 72544 0 	504 	3 	106
10049000000000 10049100000152 	600000912 1712115842 107707 	599893205 107707 0 0 0 	3122176 107707 0 	504 	3 	106
10068200000000 10068300000152 	800001216 2282898350 142570 	799858646 142570 0 0 0 	4123456 142570 0 	504 	3 	106
10010700000000 10010800000152 	200000304 570673338 36296 	199964008 36296 0 0 0 	1044424 36296 0 	504 	3 	107
10029900000000 10030000000152 	400000608 1141423670 72071 	399928537 72071 0 0 0 	2075766 72071 0 	504 	3 	107
10049100000000 10049200000152 	600000912 1712206154 107361 	599893551 107361 0 0 0 	3089898 107361 0 	504 	3 	107
10068300000000 10068400000152 	800001216 2282959348 142190 	799859026 142190 0 0 0 	4107002 142190 0 	504 	3 	107
10010800000000 10010900000152 	200000304 570658117 36329 	199963975 36329 0 0 0 	1051779 36329 0 	504 	3 	108
10030000000000 10030100000152 	400000608 1141380543 71886 	399928722 71886 0 0 0 	2078126 71886 0 	504 	3 	108
10049200000000 10049300000152 	600000912 1712149671 107258 	599893654 107258 0 0 0 	3099210 107258 0 	504 	3 	108
10068400000000 10068500000152 	800001216 2282892635 142043 	799859173 142043 0 0 0 	4115222 142043 0 	504 	3 	108
10010900000000 10011000000152 	200000304 570649054 36189 	199964115 36189 0 0 0 	1057535 36189 0 	504 	3 	109
10030100000000 10030200000152 	400000608 1141378925 71878 	399928730 71878 0 0 0 	2089245 71878 0 	504 	3 	109
10049300000000 10049400000152 	600000912 1712183125 107304 	599893608 107304 0 0 0 	3114891 107304 0 	504 	3 	109
10068500000000 10068600000152 	800001216 2282889202 142209 	799859007 142209 0 0 0 	4129490 142209 0 	504 	3 	109
10011000000000 10011100000152 	200000304 570667133 36507 	199963797 36507 0 0 0 	1052581 36507 0 	504 	3 	110
10030200000000 10030300000152 	400000608 1141402177 72290 	399928318 72290 0 0 0 	2078723 72290 0 	504 	3 	110
10049400000000 10049500000152 	600000912 1712175643 107650 	599893262 107650 0 0 0 	3097161 107650 0 	504 	3 	110
10068600000000 10068700000152 	800001216 2282966357 142463 	799858753 142463 0 0 0 	4112577 142463 0 	504 	3 	110
10011100000000 10011200000152 	200000304 570639083 36528 	199963776 36528 0 0 0 	1053266 36528 0 	504 	3 	111
10030300000000 10030400000152 	400000608 1141323846 72345 	399928263 72345 0 0 0 	2089276 72345 0 	504 	3 	111
10049500000000 10049600000152 	600000912 1712081040 107729 	599893183 107729 0 0 0 	3116506 107729 0 	504 	3 	111
10068700000000 10068800000152 	800001216 2282852407 142266 	799858950 142266 0 0 0 	4109910 142266 0 	504 	3 	111
10011200000000 10011300000152 	200000304 570640362 36422 	199963882 36422 0 0 0 	1057197 36422 0 	504 	3 	112
10030400000000 10030500000152 	400000608 1141375168 72727 	399927881 72727 0 0 0 	2103773 72727 0 	504 	3 	112
10049600000000 10049700000152 	600000912 1712138306 108124 	599892788 108124 0 0 0 	3124832 108124 0 	504 	3 	112
10068800000000 10068900000152 	800001216 2282912763 143084 	799858132 143084 0 0 0 	4131117 143084 0 	504 	3 	112
10011300000000 10011400000152 	200000304 570693074 36343 	199963961 36343 0 0 0 	1040996 36343 0 	504 	3 	113
10030500000000 10030600000152 	400000608 1141414308 72351 	399928257 72351 0 0 0 	2076270 72351 0 	504 	3 	113
10049700000000 10049800000152 	600000912 1712198167 107514 	599893398 107514 0 0 0 	3100234 107514 0 	504 	3 	113
10068900000000 10069000000152 	800001216 2282999682 142494 	799858722 142494 0 0 0 	4114127 142494 0 	504 	3 	113
10011400000000 10011500000152 	200000304 570679111 36506 	199963798 36506 0 0 0 	1058217 36506 0 	504 	3 	114
10030600000000 10030700000152 	400000608 1141406333 72490 	399928118 72490 0 0 0 	2099917 72490 0 	504 	3 	114
10049800000000 10049900000152 	600000912 1712172194 107839 	599893073 107839 0 0 0 	3116999 107839 0 	504 	3 	114
10069000000000 10069100000152 	800001216 2282926180 142929 	799858287 142929 0 0 0 	4133123 142929 0 	504 	3 	114
10011500000000 10011600000152 	200000304 570722802 36584 	199963720 36584 0 0 0 	1054430 36584 0 	504 	3 	115
10030700000000 10030800000152 	400000608 1141491835 72555 	399928053 72555 0 0 0 	2088655 72555 0 	504 	3 	115
10049900000000 10050000000152 	600000912 1712158968 107617 	599893295 107617 0 0 0 	3090449 107617 0 	504 	3 	115
10069100000000 10069200000152 	800001216 2282948396 142314 	799858902 142314 0 0 0 	4089858 142314 0 	504 	3 	115
10011600000000 10011700000152 	200000304 570683582 36676 	199963628 36676 0 0 0 	1065750 36676 0 	504 	3 	116
10030800000000 10030900000152 	400000608 1141395036 72665 	399927943 72665 0 0 0 	2102263 72665 0 	504 	3 	116
10050000000000 10050100000152 	600000912 1712145051 108183 	599892729 108183 0 0 0 	3126238 108183 0 	504 	3 	116
10069200000000 10069300000152 	800001216 2282877279 143066 	799858150 143066 0 0 0 	4132241 143066 0 	504 	3 	116
10011700000000 10011800000152 	200000304 570652668 36326 	199963978 36326 0 0 0 	1043266 36326 0 	504 	3 	117
10030900000000 10031000000152 	400000608 1141337444 72469 	399928139 72469 0 0 0 	2087466 72469 0 	504 	3 	117
10050100000000 10050200000152 	600000912 1712048389 107776 	599893136 107776 0 0 0 	3105500 107776 0 	504 	3 	117
10069300000000 10069400000152 	800001216 2282794757 142164 	799859052 142164 0 0 0 	4095856 142164 0 	504 	3 	117
10011800000000 10011900000152 	200000304 570688219 36591 	199963713 36591 0 0 0 	1054285 36591 0 	504 	3 	118
10031000000000 10031100000152 	400000608 1141373158 72396 	399928212 72396 0 0 0 	2091062 72396 0 	504 	3 	118
10050200000000 10050300000152 	600000912 1712098021 107638 	599893274 107638 0 0 0 	3110376 107638 0 	504 	3 	118
10069400000000 10069500000152 	800001216 2282914770 142440 	799858776 142440 0 0 0 	4115983 142440 0 	504 	3 	118
10011900000000 10012000000152 	200000304 570687428 36475 	199963829 36475 0 0 0 	1053724 36475 0 	504 	3 	119
10031100000000 10031200000152 	400000608 1141386345 72546 	399928062 72546 0 0 0 	2100961 72546 0 	504 	3 	119
10050300000000 10050400000152 	600000912 1712171907 107823 	599893089 107823 0 0 0 	3114592 107823 0 	504 	3 	119
10069500000000 10069600000152 	800001216 2282885578 142526 	799858690 142526 0 0 0 	4110787 142526 0 	504 	3 	119
10012000000000 10012100000152 	200000304 570639718 36166 	199964138 36166 0 0 0 	1048407 36166 0 	504 	3 	120
10031200000000 10031300000152 	400000608 1141420113 72207 	399928401 72207 0 0 0 	2086852 72207 0 	504 	3 	120
10050400000000 10050500000152 	600000912 1712240601 108022 	599892890 108022 0 0 0 	3121331 108022 0 	504 	3 	120
10069600000000 10069700000152 	800001216 2283074225 143290 	799857926 143290 0 0 0 	4141748 143290 0 	504 	3 	120
10012100000000 10012200000152 	200000304 570693595 36584 	199963720 36584 0 0 0 	1059046 36584 0 	504 	3 	121
10031300000000 10031400000152 	400000608 1141438884 72697 	399927911 72697 0 0 0 	2099460 72697 0 	504 	3 	121
10050500000000 10050600000152 	600000912 1712168160 107886 	599893026 107886 0 0 0 	3119865 107886 0 	504 	3 	121
10069700000000 10069800000152 	800001216 2282897622 142496 	799858720 142496 0 0 0 	4118730 142496 0 	504 	3 	121
10012200000000 10012300000152 	200000304 570694141 36289 	199964015 36289 0 0 0 	1050997 36289 0 	504 	3 	122
10031400000000 10031500000152 	400000608 1141381379 72200 	399928408 72200 0 0 0 	2100420 72200 0 	504 	3 	122
10050600000000 10050700000152 	600000912 1712131487 107502 	599893410 107502 0 0 0 	3107542 107502 0 	504 	3 	122
10069800000000 10069900000152 	800001216 2282904197 142074 	799859142 142074 0 0 0 	4109912 142074 0 	504 	3 	122
10012300000000 10012400000152 	200000304 570678679 36374 	199963930 36374 0 0 0 	1056798 36374 0 	504 	3 	123
10031500000000 10031600000152 	400000608 1141380169 72253 	399928355 72253 0 0 0 	2085359 72253 0 	504 	3 	123
10050700000000 10050800000152 	600000912 1712138458 107455 	599893457 107455 0 0 0 	3101615 107455 0 	504 	3 	123
10069900000000 10070000000152 	800001216 2282888659 142494 	799858722 142494 0 0 0 	4117057 142494 0 	504 	3 	123
10012400000000 10012500000152 	200000304 570719050 36567 	199963737 36567 0 0 0 	1065913 36567 0 	504 	3 	124
10031600000000 10031700000152 	400000608 1141444503 72321 	399928287 72321 0 0 0 	2094586 72321 0 	504 	3 	124
10050800000000 10050900000152 	600000912 1712151993 107578 	599893334 107578 0 0 0 	3104369 107578 0 	504 	3 	124
10070000000000 10070100000152 	800001216 2282903302 142207 	799859009 142207 0 0 0 	4111333 142207 0 	504 	3 	124
10012500000000 10012600000152 	200000304 570686535 36612 	199963692 36612 0 0 0 	1059912 36612 0 	504 	3 	125
10031700000000 10031800000152 	400000608 1141424323 72597 	399928011 72597 0 0 0 	2105249 72597 0 	504 	3 	125
10050900000000 10051000000152 	600000912 1712125310 107978 	599892934 107978 0 0 0 	3124829 107978 0 	504 	3 	125
10070100000000 10070200000152 	800001216 2282874120 142765 	799858451 142765 0 0 0 	4121005 142765 0 	504 	3 	125
10012600000000 10012700000152 	200000304 570744894 36425 	199963879 36425 0 0 0 	1055505 36425 0 	504 	3 	126
10031800000000 10031900000152 	400000608 1141454263 72328 	399928280 72328 0 0 0 	2086154 72328 0 	504 	3 	126
10051000000000 10051100000152 	600000912 1712275673 107825 	599893087 107825 0 0 0 	3117321 107825 0 	504 	3 	126
10070200000000 10070300000152 	800001216 2283055845 142431 	799858785 142431 0 0 0 	4122260 142431 0 	504 	3 	126
10012700000000 10012800000152 	200000304 570656646 36569 	199963735 36569 0 0 0 	1051923 36569 0 	504 	3 	127
10031900000000 10032000000152 	400000608 1141372386 72537 	399928071 72537 0 0 0 	2101541 72537 0 	504 	3 	127
10051100000000 10051200000152 	600000912 1712155201 108068 	599892844 108068 0 0 0 	3132698 108068 0 	504 	3 	127
10070300000000 10070400000152 	800001216 2282977244 142994 	799858222 142994 0 0 0 	4147229 142994 0 	504 	3 	127
10012800000000 10012900000152 	200000304 570732411 36650 	199963654 36650 0 0 0 	1068200 36650 0 	504 	3 	128
10032000000000 10032100000152 	400000608 1141449221 72647 	399927961 72647 0 0 0 	2110254 72647 0 	504 	3 	128
10051200000000 10051300000152 	600000912 1712199745 107713 	599893199 107713 0 0 0 	3127909 107713 0 	504 	3 	128
10070400000000 10070500000152 	800001216 2282962100 142229 	799858987 142229 0 0 0 	4135313 142229 0 	504 	3 	128
10012900000000 10013000000152 	200000304 570668439 36592 	199963712 36592 0 0 0 	1060611 36592 0 	504 	3 	129
10032100000000 10032200000152 	400000608 1141384963 72428 	399928180 72428 0 0 0 	2097157 72428 0 	504 	3 	129
10051300000000 10051400000152 	600000912 1712163915 107380 	599893532 107380 0 0 0 	3098884 107380 0 	504 	3 	129
10070500000000 10070600000152 	800001216 2282942354 142372 	799858844 142372 0 0 0 	4103536 142372 0 	504 	3 	129
10013000000000 10013100000152 	200000304 570715283 36809 	199963495 36809 0 0 0 	1077555 36809 0 	504 	3 	130
10032200000000 10032300000152 	400000608 1141471821 72562 	399928046 72562 0 0 0 	2122093 72562 0 	504 	3 	130
10051400000000 10051500000152 	600000912 1712213546 107632 	599893280 107632 0 0 0 	3136534 107632 0 	504 	3 	130
10070600000000 10070700000152 	800001216 2283030496 142094 	799859122 142094 0 0 0 	4138050 142094 0 	504 	3 	130
10013100000000 10013200000152 	200000304 570694488 36203 	199964101 36203 0 0 0 	1048678 36203 0 	504 	3 	131
10032300000000 10032400000152 	400000608 1141398447 72202 	399928406 72202 0 0 0 	2090499 72202 0 	504 	3 	131
10051500000000 10051600000152 	600000912 1712177078 107471 	599893441 107471 0 0 0 	3115164 107471 0 	504 	3 	131
10070700000000 10070800000152 	800001216 2282979764 141967 	799859249 141967 0 0 0 	4120288 141967 0 	504 	3 	131
10013200000000 10013300000152 	200000304 570692615 36471 	199963833 36471 0 0 0 	1056402 36471 0 	504 	3 	132
10032400000000 10032500000152 	400000608 1141411723 72310 	399928298 72310 0 0 0 	2081990 72310 0 	504 	3 	132
10051600000000 10051700000152 	600000912 1712157485 107669 	599893243 107669 0 0 0 	3105854 107669 0 	504 	3 	132
10070800000000 10070900000152 	800001216 2282962191 142395 	799858821 142395 0 0 0 	4112589 142395 0 	504 	3 	132
10013300000000 10013400000152 	200000304 570700784 36205 	199964099 36205 0 0 0 	1043083 36205 0 	504 	3 	133
10032500000000 10032600000152 	400000608 1141421997 71842 	399928766 71842 0 0 0 	2064078 71842 0 	504 	3 	133
10051700000000 10051800000152 	600000912 1712196370 107062 	599893850 107062 0 0 0 	3081352 107062 0 	504 	3 	133
10070900000000 10071000000152 	800001216 2282983137 142047 	799859169 142047 0 0 0 	4088918 142047 0 	504 	3 	133
10013400000000 10013500000152 	200000304 570655792 36517 	199963787 36517 0 0 0 	1055804 36517 0 	504 	3 	134
10032600000000 10032700000152 	400000608 1141376860 72299 	399928309 72299 0 0 0 	2092980 72299 0 	504 	3 	134
10051800000000 10051900000152 	600000912 1712107977 107572 	599893340 107572 0 0 0 	3113308 107572 0 	504 	3 	134
10071000000000 10071100000152 	800001216 2282863661 142281 	799858935 142281 0 0 0 	4118401 142281 0 	504 	3 	134
10013500000000 10013600000152 	200000304 570668220 36633 	199963671 36633 0 0 0 	1055166 36633 0 	504 	3 	135
10032700000000 10032800000152 	400000608 1141434105 72870 	399927738 72870 0 0 0 	2103300 72870 0 	504 	3 	135
10051900000000 10052000000152 	600000912 1712180627 108419 	599892493 108419 0 0 0 	3136278 108419 0 	504 	3 	135
10071100000000 10071200000152 	800001216 2282951699 143428 	799857788 143428 0 0 0 	4149645 143428 0 	504 	3 	135
10013600000000 10013700000152 	200000304 570672288 36283 	199964021 36283 0 0 0 	1043879 36283 0 	504 	3 	136
10032800000000 10032900000152 	400000608 1141398209 72092 	399928516 72092 0 0 0 	2089775 72092 0 	504 	3 	136
10052000000000 10052100000152 	600000912 1712158406 107378 	599893534 107378 0 0 0 	3113804 107378 0 	504 	3 	136
10071200000000 10071300000152 	800001216 2282996720 142231 	799858985 142231 0 0 0 	4130718 142231 0 	504 	3 	136
10013700000000 10013800000152 	200000304 570696493 36361 	199963943 36361 0 0 0 	1052663 36361 0 	504 	3 	137
10032900000000 10033000000152 	400000608 1141424725 71931 	399928677 71931 0 0 0 	2072361 71931 0 	504 	3 	137
10052100000000 10052200000152 	600000912 1712115682 107529 	599893383 107529 0 0 0 	3095882 107529 0 	504 	3 	137
10071300000000 10071400000152 	800001216 2282939522 142357 	799858859 142357 0 0 0 	4105078 142357 0 	504 	3 	137
10013800000000 10013900000152 	200000304 570617086 36224 	199964080 36224 0 0 0 	1043479 36224 0 	504 	3 	138
10033000000000 10033100000152 	400000608 1141339937 72124 	399928484 72124 0 0 0 	2091480 72124 0 	504 	3 	138
10052200000000 10052300000152 	600000912 1712097427 107493 	599893419 107493 0 0 0 	3112018 107493 0 	504 	3 	138
10071400000000 10071500000152 	800001216 2282873850 141794 	799859422 141794 0 0 0 	4103783 141794 0 	504 	3 	138
10013900000000 10014000000152 	200000304 570684331 36383 	199963921 36383 0 0 0 	1046165 36383 0 	504 	3 	139
10033100000000 10033200000152 	400000608 1141435297 72352 	399928256 72352 0 0 0 	2093264 72352 0 	504 	3 	139
10052300000000 10052400000152 	600000912 1712174305 107809 	599893103 107809 0 0 0 	3119792 107809 0 	504 	3 	139
10071500000000 10071600000152 	800001216 2282990662 142338 	799858878 142338 0 0 0 	4121632 142338 0 	504 	3 	139
10014000000000 10014100000152 	200000304 570685703 36351 	199963953 36351 0 0 0 	1047714 36351 0 	504 	3 	140
10033200000000 10033300000152 	400000608 1141338867 72172 	399928436 72172 0 0 0 	2092590 72172 0 	504 	3 	140
10052400000000 10052500000152 	600000912 1712111129 107615 	599893297 107615 0 0 0 	3114799 107615 0 	504 	3 	140
10071600000000 10071700000152 	800001216 2282884256 142476 	799858740 142476 0 0 0 	4122141 142476 0 	504 	3 	140
10014100000000 10014200000152 	200000304 570699130 36681 	199963623 36681 0 0 0 	1051540 36681 0 	504 	3 	141
10033300000000 10033400000152 	400000608 1141422142 72557 	399928051 72557 0 0 0 	2083001 72557 0 	504 	3 	141
10052500000000 10052600000152 	600000912 1712232217 108186 	599892726 108186 0 0 0 	3113418 108186 0 	504 	3 	141
10071700000000 10071800000152 	800001216 2283030472 142962 	799858254 142962 0 0 0 	4126486 142962 0 	504 	3 	141
10014200000000 10014300000152 	200000304 570702158 36747 	199963557 36747 0 0 0 	1068544 36747 0 	504 	3 	142
10033400000000 10033500000152 	400000608 1141386713 72554 	399928054 72554 0 0 0 	2117443 72554 0 	504 	3 	142
10052600000000 10052700000152 	600000912 1712120690 107749 	599893163 107749 0 0 0 	3125824 107749 0 	504 	3 	142
10071800000000 10071900000152 	800001216 2282960310 142498 	799858718 142498 0 0 0 	4131513 142498 0 	504 	3 	142
10014300000000 10014400000152 	200000304 570701393 36814 	199963490 36814 0 0 0 	1070947 36814 0 	504 	3 	143
10033500000000 10033600000152 	400000608 1141431511 72773 	399927835 72773 0 0 0 	2109232 72773 0 	504 	3 	143
10052700000000 10052800000152 	600000912 1712234951 107887 	599893025 107887 0 0 0 	3128932 107887 0 	504 	3 	143
10071900000000 10072000000152 	800001216 2282971084 142447 	799858769 142447 0 0 0 	4122022 142447 0 	504 	3 	143
10014400000000 10014500000152 	200000304 570689398 36018 	199964286 36018 0 0 0 	1046082 36018 0 	504 	3 	144
10033600000000 10033700000152 	400000608 1141408085 71938 	399928670 71938 0 0 0 	2097154 71938 0 	504 	3 	144
10052800000000 10052900000152 	600000912 1712136676 107305 	599893607 107305 0 0 0 	3123921 107305 0 	504 	3 	144
10072000000000 10072100000152 	800001216 2282889435 142098 	799859118 142098 0 0 0 	4126597 142098 0 	504 	3 	144
10014500000000 10014600000152 	200000304 570715460 36402 	199963902 36402 0 0 0 	1055418 36402 0 	504 	3 	145
10033700000000 10033800000152 	400000608 1141420949 72413 	399928195 72413 0 0 0 	2095329 72413 0 	504 	3 	145
10052900000000 10053000000152 	600000912 1712203792 107655 	599893257 107655 0 0 0 	3106973 107655 0 	504 	3 	145
10072100000000 10072200000152 	800001216 2283049161 142034 	799859182 142034 0 0 0 	4098781 142034 0 	504 	3 	145
10014600000000 10014700000152 	200000304 570703075 36532 	199963772 36532 0 0 0 	1056040 36532 0 	504 	3 	146
10033800000000 10033900000152 	400000608 1141464097 72163 	399928445 72163 0 0 0 	2091214 72163 0 	504 	3 	146
10053000000000 10053100000152 	600000912 1712250966 107517 	599893395 107517 0 0 0 	3122904 107517 0 	504 	3 	146
10072200000000 10072300000152 	800001216 2282962435 142303 	799858913 142303 0 0 0 	4133923 142303 0 	504 	3 	146
10014700000000 10014800000152 	200000304 570625021 36541 	199963763 36541 0 0 0 	1058209 36541 0 	504 	3 	147
10033900000000 10034000000152 	400000608 1141366053 72695 	399927913 72695 0 0 0 	2107541 72695 0 	504 	3 	147
10053100000000 10053200000152 	600000912 1712196520 107807 	599893105 107807 0 0 0 	3121729 107807 0 	504 	3 	147
10072300000000 10072400000152 	800001216 2282977610 142545 	799858671 142545 0 0 0 	4125503 142545 0 	504 	3 	147
10014800000000 10014900000152 	200000304 570640253 36444 	199963860 36444 0 0 0 	1057530 36444 0 	504 	3 	148
10034000000000 10034100000152 	400000608 1141388483 72050 	399928558 72050 0 0 0 	2084737 72050 0 	504 	3 	148
10053200000000 10053300000152 	600000912 1712075067 107509 	599893403 107509 0 0 0 	3108292 107509 0 	504 	3 	148
10072400000000 10072500000152 	800001216 2282879658 142168 	799859048 142168 0 0 0 	4114829 142168 0 	504 	3 	148
10014900000000 10015000000152 	200000304 570645253 36400 	199963904 36400 0 0 0 	1053107 36400 0 	504 	3 	149
10034100000000 10034200000152 	400000608 1141390632 72239 	399928369 72239 0 0 0 	2093080 72239 0 	504 	3 	149
10053300000000 10053400000152 	600000912 1712155190 107413 	599893499 107413 0 0 0 	3122403 107413 0 	504 	3 	149
10072500000000 10072600000152 	800001216 2282953663 142260 	799858956 142260 0 0 0 	4140776 142260 0 	504 	3 	149
10015000000000 10015100000152 	200000304 570747453 36496 	199963808 36496 0 0 0 	1047015 36496 0 	504 	3 	150
10034200000000 10034300000152 	400000608 1141480233 72248 	399928360 72248 0 0 0 	2084340 72248 0 	504 	3 	150
10053400000000 10053500000152 	600000912 1712199769 107265 	599893647 107265 0 0 0 	3097587 107265 0 	504 	3 	150
10072600000000 10072700000152 	800001216 2283014860 141749 	799859467 141749 0 0 0 	4096533 141749 0 	504 	3 	150
10015100000000 10015200000152 	200000304 570677525 36440 	199963864 36440 0 0 0 	1055228 36440 0 	504 	3 	151
10034300000000 10034400000152 	400000608 1141369774 72356 	399928252 72356 0 0 0 	2094811 72356 0 	504 	3 	151
10053500000000 10053600000152 	600000912 1712183918 107307 	599893605 107307 0 0 0 	3102830 107307 0 	504 	3 	151
10072700000000 10072800000152 	800001216 2282959307 141968 	799859248 141968 0 0 0 	4113779 141968 0 	504 	3 	151
10015200000000 10015300000152 	200000304 570687572 36208 	199964096 36208 0 0 0 	1046032 36208 0 	504 	3 	152
10034400000000 10034500000152 	400000608 1141418543 71899 	399928709 71899 0 0 0 	2074688 71899 0 	504 	3 	152
10053600000000 10053700000152 	600000912 1712213757 107050 	599893862 107050 0 0 0 	3100293 107050 0 	504 	3 	152
10072800000000 10072900000152 	800001216 2283013831 141358 	799859858 141358 0 0 0 	4090567 141358 0 	504 	3 	152
10015300000000 10015400000152 	200000304 570596010 36306 	199963998 36306 0 0 0 	1054756 36306 0 	504 	3 	153
10034500000000 10034600000152 	400000608 1141303620 72228 	399928380 72228 0 0 0 	2105763 72228 0 	504 	3 	153
10053700000000 10053800000152 	600000912 1712044276 107146 	599893766 107146 0 0 0 	3110523 107146 0 	504 	3 	153
10072900000000 10073000000152 	800001216 2282801968 141899 	799859317 141899 0 0 0 	4113443 141899 0 	504 	3 	153
10015400000000 10015500000152 	200000304 570654613 36056 	199964248 36056 0 0 0 	1046431 36056 0 	504 	3 	154
10034600000000 10034700000152 	400000608 1141444012 71756 	399928852 71756 0 0 0 	2079629 71756 0 	504 	3 	154
10053800000000 10053900000152 	600000912 1712224158 106778 	599894134 106778 0 0 0 	3094995 106778 0 	504 	3 	154
10073000000000 10073100000152 	800001216 2283041040 141333 	799859883 141333 0 0 0 	4091261 141333 0 	504 	3 	154
10015500000000 10015600000152 	200000304 570666975 36519 	199963785 36519 0 0 0 	1049699 36519 0 	504 	3 	155
10034700000000 10034800000152 	400000608 1141383522 72561 	399928047 72561 0 0 0 	2087289 72561 0 	504 	3 	155
10053900000000 10054000000152 	600000912 1712102954 108035 	599892877 108035 0 0 0 	3113124 108035 0 	504 	3 	155
10073100000000 10073200000152 	800001216 2282900452 142581 	799858635 142581 0 0 0 	4104835 142581 0 	504 	3 	155
10015600000000 10015700000152 	200000304 570740676 36211 	199964093 36211 0 0 0 	1052718 36211 0 	504 	3 	156
10034800000000 10034900000152 	400000608 1141457526 71976 	399928632 71976 0 0 0 	2092262 71976 0 	504 	3 	156
10054000000000 10054100000152 	600000912 1712232066 107367 	599893545 107367 0 0 0 	3115126 107367 0 	504 	3 	156
10073200000000 10073300000152 	800001216 2282977486 142200 	799859016 142200 0 0 0 	4120128 142200 0 	504 	3 	156
10015700000000 10015800000152 	200000304 570733973 36237 	199964067 36237 0 0 0 	1044099 36237 0 	504 	3 	157
10034900000000 10035000000152 	400000608 1141478723 71803 	399928805 71803 0 0 0 	2069403 71803 0 	504 	3 	157
10054100000000 10054200000152 	600000912 1712206935 107118 	599893794 107118 0 0 0 	3092984 107118 0 	504 	3 	157
10073300000000 10073400000152 	800001216 2282932823 141735 	799859481 141735 0 0 0 	4098175 141735 0 	504 	3 	157
10015800000000 10015900000152 	200000304 570614844 36462 	199963842 36462 0 0 0 	1059733 36462 0 	504 	3 	158
10035000000000 10035100000152 	400000608 1141318547 72167 	399928441 72167 0 0 0 	2096149 72167 0 	504 	3 	158
10054200000000 10054300000152 	600000912 1712087136 107419 	599893493 107419 0 0 0 	3115061 107419 0 	504 	3 	158
10073400000000 10073500000152 	800001216 2282801744 142062 	799859154 142062 0 0 0 	4109557 142062 0 	504 	3 	158
10015900000000 10016000000152 	200000304 570720209 36294 	199964010 36294 0 0 0 	1049287 36294 0 	504 	3 	159
10035100000000 10035200000152 	400000608 1141436818 71786 	399928822 71786 0 0 0 	2067410 71786 0 	504 	3 	159
10054300000000 10054400000152 	600000912 1712210896 106980 	599893932 106980 0 0 0 	3082320 106980 0 	504 	3 	159
10073500000000 10073600000152 	800001216 2283028583 142077 	799859139 142077 0 0 0 	4096824 142077 0 	504 	3 	159
10016000000000 10016100000152 	200000304 570681337 36683 	199963621 36683 0 0 0 	1073013 36683 0 	504 	3 	160
10035200000000 10035300000152 	400000608 1141417326 72769 	399927839 72769 0 0 0 	2108503 72769 0 	504 	3 	160
10054400000000 10054500000152 	600000912 1712101104 107861 	599893051 107861 0 0 0 	3120221 107861 0 	504 	3 	160
10073600000000 10073700000152 	800001216 2282891917 142712 	799858504 142712 0 0 0 	4126854 142712 0 	504 	3 	160
10016100000000 10016200000152 	200000304 570663399 36338 	199963966 36338 0 0 0 	1057313 36338 0 	504 	3 	161
10035300000000 10035400000152 	400000608 1141365250 72136 	399928472 72136 0 0 0 	2088441 72136 0 	504 	3 	161
10054500000000 10054600000152 	600000912 1712089111 107587 	599893325 107587 0 0 0 	3124903 107587 0 	504 	3 	161
10073700000000 10073800000152 	800001216 2282905569 142204 	799859012 142204 0 0 0 	4115648 142204 0 	504 	3 	161
10016200000000 10016300000152 	200000304 570684365 36257 	199964047 36257 0 0 0 	1053039 36257 0 	504 	3 	162
10035400000000 10035500000152 	400000608 1141360109 72218 	399928390 72218 0 0 0 	2090629 72218 0 	504 	3 	162
10054600000000 10054700000152 	600000912 1712129678 107569 	599893343 107569 0 0 0 	3119520 107569 0 	504 	3 	162
10073800000000 10073900000152 	800001216 2282894233 142041 	799859175 142041 0 0 0 	4121548 142041 0 	504 	3 	162
10016300000000 10016400000152 	200000304 570719932 36216 	199964088 36216 0 0 0 	1044810 36216 0 	504 	3 	163
10035500000000 10035600000152 	400000608 1141420590 71961 	399928647 71961 0 0 0 	2084265 71961 0 	504 	3 	163
10054700000000 10054800000152 	600000912 1712213401 106849 	599894063 106849 0 0 0 	3093309 106849 0 	504 	3 	163
10073900000000 10074000000152 	800001216 2282972526 141480 	799859736 141480 0 0 0 	4097851 141480 0 	504 	3 	163
10016400000000 10016500000152 	200000304 570762791 36516 	199963788 36516 0 0 0 	1056841 36516 0 	504 	3 	164
10035600000000 10035700000152 	400000608 1141491372 72289 	399928319 72289 0 0 0 	2093959 72289 0 	504 	3 	164
10054800000000 10054900000152 	600000912 1712241461 107682 	599893230 107682 0 0 0 	3120981 107682 0 	504 	3 	164
10074000000000 10074100000152 	800001216 2283006364 142393 	799858823 142393 0 0 0 	4125202 142393 0 	504 	3 	164
10016500000000 10016600000152 	200000304 570660423 36341 	199963963 36341 0 0 0 	1041862 36341 0 	504 	3 	165
10035700000000 10035800000152 	400000608 1141332782 71974 	399928634 71974 0 0 0 	2067184 71974 0 	504 	3 	165
10054900000000 10055000000152 	600000912 1712089723 107074 	599893838 107074 0 0 0 	3084739 107074 0 	504 	3 	165
10074100000000 10074200000152 	800001216 2282886922 141407 	799859809 141407 0 0 0 	4071815 141407 0 	504 	3 	165
10016600000000 10016700000152 	200000304 570720726 36399 	199963905 36399 0 0 0 	1048982 36399 0 	504 	3 	166
10035800000000 10035900000152 	400000608 1141460965 71971 	399928637 71971 0 0 0 	2091384 71971 0 	504 	3 	166
10055000000000 10055100000152 	600000912 1712262396 107212 	599893700 107212 0 0 0 	3104437 107212 0 	504 	3 	166
10074200000000 10074300000152 	800001216 2283112144 141899 	799859317 141899 0 0 0 	4102582 141899 0 	504 	3 	166
10016700000000 10016800000152 	200000304 570678491 36184 	199964120 36184 0 0 0 	1044417 36184 0 	504 	3 	167
10035900000000 10036000000152 	400000608 1141394433 71987 	399928621 71987 0 0 0 	2079547 71987 0 	504 	3 	167
10055100000000 10055200000152 	600000912 1712119446 107232 	599893680 107232 0 0 0 	3100269 107232 0 	504 	3 	167
10074300000000 10074400000152 	800001216 2282933674 141844 	799859372 141844 0 0 0 	4110706 141844 0 	504 	3 	167
10016800000000 10016900000152 	200000304 570754998 36573 	199963731 36573 0 0 0 	1060889 36573 0 	504 	3 	168
10036000000000 10036100000152 	400000608 1141455433 72303 	399928305 72303 0 0 0 	2095217 72303 0 	504 	3 	168
10055200000000 10055300000152 	600000912 1712212402 107526 	599893386 107526 0 0 0 	3117299 107526 0 	504 	3 	168
10074400000000 10074500000152 	800001216 2283006669 142338 	799858878 142338 0 0 0 	4118032 142338 0 	504 	3 	168
10016900000000 10017000000152 	200000304 570773118 36630 	199963674 36630 0 0 0 	1066510 36630 0 	504 	3 	169
10036100000000 10036200000152 	400000608 1141459401 72477 	399928131 72477 0 0 0 	2097551 72477 0 	504 	3 	169
10055300000000 10055400000152 	600000912 1712224428 107760 	599893152 107760 0 0 0 	3119134 107760 0 	504 	3 	169
10074500000000 10074600000152 	800001216 2283071634 142668 	799858548 142668 0 0 0 	4142623 142668 0 	504 	3 	169
10017000000000 10017100000152 	200000304 570641995 36892 	199963412 36892 0 0 0 	1074321 36892 0 	504 	3 	170
10036200000000 10036300000152 	400000608 1141459208 73066 	399927542 73066 0 0 0 	2129173 73066 0 	504 	3 	170
10055400000000 10055500000152 	600000912 1712199955 108414 	599892498 108414 0 0 0 	3144543 108414 0 	504 	3 	170
10074600000000 10074700000152 	800001216 2282995802 143046 	799858170 143046 0 0 0 	4146835 143046 0 	504 	3 	170
10017100000000 10017200000152 	200000304 570718140 36236 	199964068 36236 0 0 0 	1043688 36236 0 	504 	3 	171
10036300000000 10036400000152 	400000608 1141512738 71937 	399928671 71937 0 0 0 	2083529 71937 0 	504 	3 	171
10055500000000 10055600000152 	600000912 1712309041 106912 	599894000 106912 0 0 0 	3095021 106912 0 	504 	3 	171
10074700000000 10074800000152 	800001216 2283111858 141677 	799859539 141677 0 0 0 	4105759 141677 0 	504 	3 	171
10017200000000 10017300000152 	200000304 570721751 36165 	199964139 36165 0 0 0 	1052849 36165 0 	504 	3 	172
10036400000000 10036500000152 	400000608 1141490490 71875 	399928733 71875 0 0 0 	2088268 71875 0 	504 	3 	172
10055600000000 10055700000152 	600000912 1712221657 107341 	599893571 107341 0 0 0 	3115136 107341 0 	504 	3 	172
10074800000000 10074900000152 	800001216 2283040782 141852 	799859364 141852 0 0 0 	4106754 141852 0 	504 	3 	172
10017300000000 10017400000152 	200000304 570683771 36592 	199963712 36592 0 0 0 	1058062 36592 0 	504 	3 	173
10036500000000 10036600000152 	400000608 1141382241 72530 	399928078 72530 0 0 0 	2108125 72530 0 	504 	3 	173
10055700000000 10055800000152 	600000912 1712161994 107842 	599893070 107842 0 0 0 	3129985 107842 0 	504 	3 	173
10074900000000 10075000000152 	800001216 2282903497 142169 	799859047 142169 0 0 0 	4124393 142169 0 	504 	3 	173
10017400000000 10017500000152 	200000304 570716377 36714 	199963590 36714 0 0 0 	1065652 36714 0 	504 	3 	174
10036600000000 10036700000152 	400000608 1141439773 72315 	399928293 72315 0 0 0 	2100863 72315 0 	504 	3 	174
10055800000000 10055900000152 	600000912 1712205998 107436 	599893476 107436 0 0 0 	3115064 107436 0 	504 	3 	174
10075000000000 10075100000152 	800001216 2282887124 142158 	799859058 142158 0 0 0 	4124729 142158 0 	504 	3 	174
10017500000000 10017600000152 	200000304 570677403 36570 	199963734 36570 0 0 0 	1059930 36570 0 	504 	3 	175
10036700000000 10036800000152 	400000608 1141372454 72333 	399928275 72333 0 0 0 	2094144 72333 0 	504 	3 	175
10055900000000 10056000000152 	600000912 1712085285 107507 	599893405 107507 0 0 0 	3111856 107507 0 	504 	3 	175
10075100000000 10075200000152 	800001216 2282870281 141727 	799859489 141727 0 0 0 	4101937 141727 0 	504 	3 	175
10017600000000 10017700000152 	200000304 570672353 36483 	199963821 36483 0 0 0 	1055092 36483 0 	504 	3 	176
10036800000000 10036900000152 	400000608 1141374978 71999 	399928609 71999 0 0 0 	2087626 71999 0 	504 	3 	176
10056000000000 10056100000152 	600000912 1712139361 107085 	599893827 107085 0 0 0 	3100756 107085 0 	504 	3 	176
10075200000000 10075300000152 	800001216 2282962415 141641 	799859575 141641 0 0 0 	4096932 141641 0 	504 	3 	176
10017700000000 10017800000152 	200000304 570703131 36300 	199964004 36300 0 0 0 	1056306 36300 0 	504 	3 	177
10036900000000 10037000000152 	400000608 1141449422 72052 	399928556 72052 0 0 0 	2082926 72052 0 	504 	3 	177
10056100000000 10056200000152 	600000912 1712178156 107231 	599893681 107231 0 0 0 	3094122 107231 0 	504 	3 	177
10075300000000 10075400000152 	800001216 2282930672 141978 	799859238 141978 0 0 0 	4098311 141978 0 	504 	3 	177
10017800000000 10017900000152 	200000304 570700690 36163 	199964141 36163 0 0 0 	1047187 36163 0 	504 	3 	178
10037000000000 10037100000152 	400000608 1141427991 71659 	399928949 71659 0 0 0 	2075831 71659 0 	504 	3 	178
10056200000000 10056300000152 	600000912 1712251700 106676 	599894236 106676 0 0 0 	3098953 106676 0 	504 	3 	178
10075400000000 10075500000152 	800001216 2282987504 141494 	799859722 141494 0 0 0 	4105651 141494 0 	504 	3 	178
10017900000000 10018000000152 	200000304 570706910 36049 	199964255 36049 0 0 0 	1040303 36049 0 	504 	3 	179
10037100000000 10037200000152 	400000608 1141424791 71883 	399928725 71883 0 0 0 	2068582 71883 0 	504 	3 	179
10056300000000 10056400000152 	600000912 1712186822 107084 	599893828 107084 0 0 0 	3086144 107084 0 	504 	3 	179
10075500000000 10075600000152 	800001216 2282950864 141382 	799859834 141382 0 0 0 	4068029 141382 0 	504 	3 	179
10018000000000 10018100000152 	200000304 570717033 35985 	199964319 35985 0 0 0 	1046865 35985 0 	504 	3 	180
10037200000000 10037300000152 	400000608 1141478995 71671 	399928937 71671 0 0 0 	2075784 71671 0 	504 	3 	180
10056400000000 10056500000152 	600000912 1712195653 106750 	599894162 106750 0 0 0 	3089118 106750 0 	504 	3 	180
10075600000000 10075700000152 	800001216 2282974748 141369 	799859847 141369 0 0 0 	4079666 141369 0 	504 	3 	180
10018100000000 10018200000152 	200000304 570662681 35912 	199964392 35912 0 0 0 	1041525 35912 0 	504 	3 	181
10037300000000 10037400000152 	400000608 1141433556 71810 	399928798 71810 0 0 0 	2076891 71810 0 	504 	3 	181
10056500000000 10056600000152 	600000912 1712214826 106924 	599893988 106924 0 0 0 	3100263 106924 0 	504 	3 	181
10075700000000 10075800000152 	800001216 2282959423 141704 	799859512 141704 0 0 0 	4104726 141704 0 	504 	3 	181
10018200000000 10018300000152 	200000304 570735795 36181 	199964123 36181 0 0 0 	1049518 36181 0 	504 	3 	182
10037400000000 10037500000152 	400000608 1141455240 71971 	399928637 71971 0 0 0 	2083841 71971 0 	504 	3 	182
10056600000000 10056700000152 	600000912 1712213905 106868 	599894044 106868 0 0 0 	3092702 106868 0 	504 	3 	182
10075800000000 10075900000152 	800001216 2282979103 141583 	799859633 141583 0 0 0 	4096606 141583 0 	504 	3 	182
10018300000000 10018400000152 	200000304 570715019 36558 	199963746 36558 0 0 0 	1059491 36558 0 	504 	3 	183
10037500000000 10037600000152 	400000608 1141487864 72470 	399928138 72470 0 0 0 	2081156 72470 0 	504 	3 	183
10056700000000 10056800000152 	600000912 1712230140 107720 	599893192 107720 0 0 0 	3106226 107720 0 	504 	3 	183
10075900000000 10076000000152 	800001216 2283020029 142343 	799858873 142343 0 0 0 	4108502 142343 0 	504 	3 	183
10018400000000 10018500000152 	200000304 570658264 36248 	199964056 36248 0 0 0 	1054096 36248 0 	504 	3 	184
10037600000000 10037700000152 	400000608 1141339509 71840 	399928768 71840 0 0 0 	2083048 71840 0 	504 	3 	184
10056800000000 10056900000152 	600000912 1712078449 107277 	599893635 107277 0 0 0 	3106932 107277 0 	504 	3 	184
10076000000000 10076100000152 	800001216 2282781638 141987 	799859229 141987 0 0 0 	4109900 141987 0 	504 	3 	184
10018500000000 10018600000152 	200000304 570693921 36225 	199964079 36225 0 0 0 	1052769 36225 0 	504 	3 	185
10037700000000 10037800000152 	400000608 1141442637 72244 	399928364 72244 0 0 0 	2099514 72244 0 	504 	3 	185
10056900000000 10057000000152 	600000912 1712200491 107433 	599893479 107433 0 0 0 	3132417 107433 0 	504 	3 	185
10076100000000 10076200000152 	800001216 2282956166 142111 	799859105 142111 0 0 0 	4134411 142111 0 	504 	3 	185
10018600000000 10018700000152 	200000304 570668193 36333 	199963971 36333 0 0 0 	1051791 36333 0 	504 	3 	186
10037800000000 10037900000152 	400000608 1141398247 71628 	399928980 71628 0 0 0 	2069184 71628 0 	504 	3 	186
10057000000000 10057100000152 	600000912 1712123542 106777 	599894135 106777 0 0 0 	3081954 106777 0 	504 	3 	186
10076200000000 10076300000152 	800001216 2282915426 141137 	799860079 141137 0 0 0 	4083859 141137 0 	504 	3 	186
10018700000000 10018800000152 	200000304 570707696 36300 	199964004 36300 0 0 0 	1051917 36300 0 	504 	3 	187
10037900000000 10038000000152 	400000608 1141448688 71917 	399928691 71917 0 0 0 	2076293 71917 0 	504 	3 	187
10057100000000 10057200000152 	600000912 1712221327 106969 	599893943 106969 0 0 0 	3090093 106969 0 	504 	3 	187
10076300000000 10076400000152 	800001216 2283011996 141558 	799859658 141558 0 0 0 	4092078 141558 0 	504 	3 	187
10018800000000 10018900000152 	200000304 570680887 36353 	199963951 36353 0 0 0 	1042885 36353 0 	504 	3 	188
10038000000000 10038100000152 	400000608 1141375230 71634 	399928974 71634 0 0 0 	2071472 71634 0 	504 	3 	188
10057200000000 10057300000152 	600000912 1712198624 107070 	599893842 107070 0 0 0 	3102699 107070 0 	504 	3 	188
10076400000000 10076500000152 	800001216 2282989362 141574 	799859642 141574 0 0 0 	4103623 141574 0 	504 	3 	188
10018900000000 10019000000152 	200000304 570684847 35928 	199964376 35928 0 0 0 	1038643 35928 0 	504 	3 	189
10038100000000 10038200000152 	400000608 1141391334 71529 	399929079 71529 0 0 0 	2068943 71529 0 	504 	3 	189
10057300000000 10057400000152 	600000912 1712184963 106891 	599894021 106891 0 0 0 	3088585 106891 0 	504 	3 	189
10076500000000 10076600000152 	800001216 2283023974 141258 	799859958 141258 0 0 0 	4081180 141258 0 	504 	3 	189
10019000000000 10019100000152 	200000304 570703811 36470 	199963834 36470 0 0 0 	1060399 36470 0 	504 	3 	190
10038200000000 10038300000152 	400000608 1141377973 72126 	399928482 72126 0 0 0 	2102505 72126 0 	504 	3 	190
10057400000000 10057500000152 	600000912 1712184654 106995 	599893917 106995 0 0 0 	3113652 106995 0 	504 	3 	190
10076600000000 10076700000152 	800001216 2282958473 141417 	799859799 141417 0 0 0 	4112077 141417 0 	504 	3 	190
10019100000000 10019200000152 	200000304 570696083 36444 	199963860 36444 0 0 0 	1058971 36444 0 	504 	3 	191
10038300000000 10038400000152 	400000608 1141396714 72037 	399928571 72037 0 0 0 	2093322 72037 0 	504 	3 	191
10057500000000 10057600000152 	600000912 1712209663 107162 	599893750 107162 0 0 0 	3110048 107162 0 	504 	3 	191
10076700000000 10076800000152 	800001216 2282935951 141502 	799859714 141502 0 0 0 	4101079 141502 0 	504 	3 	191
